1101,1102,1216,1301,1303,1326,1402,1476,2002,2105,2207,2301,2303,2308,2311,2317,2324,2325,2330,2354,2357,2382,2395,2408,2409,2412,2454,2474,2801,2880,2881,2882,2883,2884,2885,2886,2887,2890,2891,2892,2912,3008,3045,3481,4904,4938,5880,6505,9904,1227,1262,1319,1434,1440,1477,1504,1536,1589,1590,1605,1704,1707,1717,1722,1723,1789,1802,2015,2049,2059,2101,2103,2106,2201,2204,2206,2231,2313,2327,2344,2345,2347,2352,2353,2355,2356,2360,2362,2376,2377,2379,2383,2385,2392,2448,2449,2451,2498,2501,2542,2603,2609,2610,2615,2618,2707,2723,2809,2812,2823,2834,2845,2849,2867,2888,2903,2915,3034,3037,3044,3189,3231,3673,3682,3702,4958,5264,5522,5871,6176,6239,6269,6285,6409,6414,6415,6452,6456,8150,8454,8464,9907,9910,9914,9917,9921,9933,9938,9945
0.003027800715662332,-0.0017182130584191269,0.0,0.0027911697538698377,0.004258106780216098,0.0045982575024203776,0.0008428150021069225,0.003714710252600062,0.0008952551477168225,0.0011802891708465602,0.0032635300516725696,0.005660377358490454,0.0,0.0011911852293038372,0.0002561475409834646,0.0013525698827774324,0.002620545073375391,0.0004219409282697484,-0.0017026106696937937,0.0,0.0018436578171090456,0.003681392235608927,0.0015408320493064398,-0.0026427061310783095,-0.0031250000000001554,2.220446049250313e-16,-0.0008012820512820484,0.00606323083585969,-2.220446049250313e-16,0.0012307692307691465,0.0,0.0009751340809360798,0.003695491500369741,0.0,-0.0008726003490402423,-0.0009124087591242391,0.0,0.0010649627263046302,-0.0026723677177979965,0.0006105006105006083,0.0003957261574991655,0.0016666666666667052,0.002640845070422726,-0.003490401396160525,0.0002668801708036739,0.0002596053997925285,0.0028409090909089496,0.003681247293200629,0.0008580008580008069,-0.0007702182284980985,0.0,-0.0018957345971561956,0.009955041746949167,0.0,0.0,0.0014754703061601315,-0.0036057692307694955,0.0017595307917890324,0.00084352593842274,0.001956947162426337,0.0005037783375314575,0.007741935483871032,0.00028910089621270174,-0.00023607176581674771,0.0,0.0007380073800740128,0.0,0.0,0.0053731343283578425,-0.0002590002590002749,0.005815942524803219,0.0,-0.0003984063745020583,0.0018248175182484783,0.0021204410517390304,0.0032036613272310444,-0.0007820646506778717,-0.0006273525721455231,0.0017862459065198788,-0.0029325513196482023,-0.005546751188589383,0.0032544378698227128,0.0007698229407238077,-0.001388888888888884,-0.0042272126816381705,0.001707941929974588,-0.0019612650159351874,0.0,-0.003410641200545683,-0.007354872603099638,0.0031274433150898506,0.005730002292000602,0.0025588536335721113,0.0028387096774196152,0.0013519603424965165,-0.002763385146804742,0.0017421602787455193,-0.009032564772997631,0.0014255167498218313,0.0,0.0033670033670032407,0.0022547914317925244,-0.0012942191544434989,0.001990710019907027,0.0,0.0027716186252770836,0.0009894459102903763,0.00036778227289446797,0.0,0.013422818791946511,0.00046838407494154133,-0.00020898641588307232,0.0,0.002636783124587927,0.001986942946352599,-0.000589622641509524,-0.0008046670690002866,0.001816530426884455,-0.0007662835249043765,0.0,0.005415162454873723,-0.0013452914798206539,0.0010097610232244758,0.0018570102135562205,-2.220446049250313e-16,0.0006213109661385996,0.0,0.0,0.0021857923497266007,0.0011494252873565092,0.005337214944201918,0.0013633265167003472,0.003359227377703,-0.0010183299389001643,0.004248744689069328,-0.002616747181964585,0.0008171603677220585,0.0002468526289798323,0.005256241787122251,0.0,-0.0022509848058523962,-0.0007062146892655718,0.0006468305304010435,-0.0037965072133636646,0.0008693762225602253,0.003336510962821615,0.00022222222222212373,-0.0006437768240343811,-0.003188944990698994
-0.0016465422612516045,0.000688468158347888,0.001955671447196883,0.002024291497975561,0.0003261578604045745,0.0014454348349790536,0.0,0.002960769800147922,0.0,0.0002947244326556575,-0.0021686093792354644,0.003960808838857632,0.0,0.0041641879833429485,0.0,-0.0015758667266995152,0.001045478306325176,0.000632644453816944,4.440892098500626e-16,-0.00044702726866319153,0.0,-0.0010003334444812495,0.0,0.00026497085320609237,-0.004702194357366629,-0.003469210754553309,0.0,-0.0025828669823505512,0.0006180469715699743,-0.0006146281499693762,-0.006191950464396356,-0.00146127618119829,-0.002454590083456054,0.0,-0.0026200873362443033,0.0,0.0008382229673091768,0.0,-0.001607717041800738,-0.0012202562538132788,-0.0011867088607595555,-0.004159733777038266,0.0008779631255486642,-0.0008756567425570738,-0.0002668089647815952,0.003633532312483867,-0.0014164305949008194,0.0049622437971952316,-0.004072010287183847,0.0015416238437819807,0.0,-0.001266223488445628,0.0,0.0,-0.0033090668431502435,0.0007366482504604921,-0.001809408926417122,-0.004098360655737765,0.0008428150021069225,-0.002929687499999778,0.0045317220543810155,0.008109261630388387,0.0,-0.00047225501770964406,0.0039447731755424265,0.002458210422812135,0.0,0.0,-0.002375296912113689,0.006217616580310725,0.0,-0.0023890784982935065,2.220446049250313e-16,-0.0003642987249546925,0.000846381718154543,0.0,0.00026089225149994455,0.0012554927809165228,-0.0011887072808320909,0.0,0.003984063745019695,-0.0005897965202006361,-0.003076923076922977,2.220446049250313e-16,-0.0031838684001062045,0.0,0.0029476787030213725,0.001034482758620836,-0.002737850787131846,0.0018523418893887644,0.001558846453624252,-0.012762078395624044,-0.0007656967840735662,0.0018013381369017534,-0.0009000900090009312,0.001731901627987531,0.0019565217391304124,-0.003837850803549925,0.0,0.0,-0.0016778523489930919,0.004218222722159659,0.0008639308855291628,-0.0033112582781456013,0.0,-0.0005527915975677145,0.004283360790774404,0.00036764705882363913,-0.0004449388209121219,0.009410944579992808,-0.00046816479400768607,0.0006270903010034967,0.0,-0.0013149243918472164,0.0014164305949009304,0.0,0.0010066438494060748,-0.0009066183136897665,0.0007668711656443339,-0.0014832393948381872,-0.00029922202274101917,-0.0008980691513246208,-0.004707464694014729,-0.000926784059314123,-0.0010626992561104665,-0.003104625892579982,-0.003561887800534236,0.0008008542445274713,-0.0021810250817885235,-0.003444316877152964,-0.0019305019305019266,-0.0015883821193554137,0.000418497593638989,0.0,-0.0050000000000000044,-0.008879919273461101,0.0030618493570115923,-0.0017275419545900172,-0.013071895424836666,0.0,-0.0005640157924423628,0.0,0.0019392372333548735,-0.003810975609755851,-0.0006514657980454253,0.0,0.004887802710508815,0.0,0.0010663822980538917
-0.0010995052226497881,-0.00275197798417659,0.0,-0.0030303030303028278,-0.003912618193674611,-0.004570603800817974,-0.00042105263157898865,-0.0007380073800735687,-0.0004472271914131021,-0.002062463170300788,-0.009236620483564328,-0.0020764119601327513,-0.0008613264427217437,-0.0082938388625593,0.0,-0.0027057497181509627,-0.0005221932114881644,-0.000842992623814709,-0.0005685048322912056,-0.0011180679785329772,-0.0011041589988959322,-0.0033377837116155273,-0.002307692307692344,-0.0023841059602649484,-0.0015748031496062298,-0.0017406440382942145,-0.0008019246190859031,-0.002157962883038378,-0.0018529956763434496,-0.002460024600245969,-0.00022251891410751679,-0.00536585365853659,-0.0019685039370078705,-0.0016528925619833101,0.0008756567425567408,-0.0022831050228309113,-0.0008375209380232507,-0.0010638297872340718,-0.0026838432635534204,-0.0006108735491754391,-0.001980198019801982,-0.008075744917850236,-0.0052631578947367474,-0.0035056967572305586,-0.001334400854016482,0.001810188776829591,-0.0007092198581559739,-0.004293688278230956,-0.003443081557994332,-0.004874294510004873,-0.0013937282229968817,-0.0022187004754359307,-0.005723370429252639,-0.003968253968253843,-0.0013280212483398612,-0.0018402649981595909,-0.0060422960725075026,-0.0029394473838918467,-0.002105263157894721,0.0,0.005012531328320469,0.0021168501270110163,-0.0008670520231214285,-0.0037798251830851726,-0.003929273084479323,-0.0019617459538989745,-0.0015325670498085309,-0.002195121951219625,-0.0005952380952380931,0.0018022657054583835,-0.005102040816326481,-0.003079028395484129,-0.001195695496214011,-0.0018221574344023939,-0.0016913319238900382,-0.00045620437956206406,-0.0015649452269169695,-0.0037617554858933033,-0.0017851829812556286,-0.0019607843137254832,-0.0007936507936506798,-0.00029507229271164004,-0.0030864197530865445,-2.220446049250313e-16,-0.0002661698163425319,0.0004262574595055302,-0.0026940974773450588,-0.0010334137099552443,-0.0022878059940518725,-0.004754358161648153,-0.0007782101167315147,-0.0041551246537397946,-0.001787994891443212,2.220446049250313e-16,-0.00045045045045033483,-0.0006915629322269412,0.00043393360815779936,-0.007223693715386226,-0.002846975088968029,-0.0014161440420796811,0.0,-0.0022402688322599174,-0.0017263703064307467,-0.0026578073089701393,-0.0006802721088434716,0.0011061946902655162,-0.002624671916010568,0.0014700477765527964,-0.0004451368795902466,-0.003107734806629847,-0.00023419203747054862,-0.00041779820346787844,0.0,-0.0019749835418034767,-0.0031117397454032414,-0.0023598820058998715,-0.0016090104585679832,-0.001814882032667886,0.0,-2.220446049250313e-16,-0.003292427416941024,-0.001348314606741674,-0.006756756756756799,-0.0018552875695730942,-0.003989361702127603,-0.00498287137963227,0.0,-0.002400640170712287,-0.0014571948998177708,-0.0038402457757296116,-0.0031431334622821216,-0.0013636363636364557,-0.004183225266680801,0.0,-0.0015461925009663258,-0.012624720016290003,0.0014245014245015675,-0.004202719406674937,0.0,0.0,-0.004796839729119595,0.0,-0.003870967741935405,0.0007651109410864443,-0.0004345936549327023,-0.0014251781472685021,0.0,-0.004938801803736292,-0.0029294274300931678
-0.000825536598789256,-0.005174197999310071,-0.004879635653871284,-0.00557244174265481,-0.0022913256955809924,-0.005799903334944179,-0.004633529907329126,-0.0032003938946334465,-0.0013422818791944957,-0.005019191024505321,-0.007129147244310352,-0.006658343736995476,-0.0034482758620688614,-0.007168458781362075,-0.0007682458386681912,-0.003391363328058117,-0.004179728317659448,-0.001476481754903891,-0.0022753128555176305,-0.004029550033579854,-0.00368459837877666,-0.009377093101138656,-0.0015420200462604727,-0.0029208709506106656,-0.007097791798107211,-0.0043591979075849885,-0.0040128410914928025,-0.004325259515570945,-0.0012376237623760167,-0.0036991368680640013,-0.011796127309147475,-0.00980872976949465,-0.004437869822485174,-0.0027593818984548157,-0.006124234470691214,-0.005491990846681949,0.0,-0.005750798722044759,-0.004843918191603902,-0.0042787286063570296,-0.005158730158730251,-0.0036496350364964014,-0.002645502645502451,-0.0026385224274405594,-0.004008551576696884,-0.005937016004130213,-0.002838892831795503,-0.0077619663648124115,-0.0012956164975167495,-0.005413766434648304,-0.004884856943474958,-0.0060355781448538925,-0.0035177486408699554,-0.0023904382470120167,-0.0033244680851063357,-0.0018436578171092677,-0.0036474164133741827,-0.005306603773584939,-0.005063291139240422,-0.0029382957884428462,-0.0037406483790523026,-0.0008449514152936155,-0.001446340757882525,-0.0049798434906331845,0.001972386587770991,-0.003439803439803435,-0.002302379125095899,-0.004155463211928501,-0.0029779630732579276,-0.00025700334104350464,-0.0013675213675213849,-0.0048043925875084215,-0.00039904229848342077,-0.0036509675063889357,-0.0008470986869968389,-0.00045641259698769865,-0.0044409613375130386,-0.0025173064820642743,0.0,-0.0019646365422396617,-0.006751389992057155,-0.0035419126328218864,-0.001547987616099089,-0.004867872044506227,-0.006922257720979874,-0.002556455048998707,-0.003929273084479656,-0.006896551724137834,-0.0048154093097912964,-0.00530785562632663,0.0007788161993769194,-0.0023180343069075793,-0.0023029682702148113,-0.004623683534549339,-0.00585849481748546,-0.0044982698961936185,-0.0013012361743657275,0.002182876546203971,0.001427551748750755,-0.004051863857374438,0.0,-0.0008419870895314263,-0.002161694768698652,-0.005996002664890199,-0.004084411164057111,-0.0044198895027625085,-0.0006578947368424126,-0.003669724770642202,-0.001558672901358582,-0.005542085209560121,-0.0028109627547435734,-0.0010449320794148065,0.0,-0.0013192612137206128,-0.006242905788876207,-0.0011827321111765876,-0.0020145044319097583,-0.0027272727272725783,-0.003831417624521105,-0.002079619726678583,-0.0006006006006007425,0.0,-0.004761904761904634,-0.0009293680297399742,-0.005073431241655713,-0.003129890453834272,-0.002680965147453196,-0.0037433155080209835,-0.0032834731849687993,-0.0007710100231302919,0.0012127091923350708,-0.00022758306781966997,-0.00063011972274718,0.0,-0.0011614401858304202,-0.006186842647968649,-0.005283478967689548,-0.0057100297914598475,0.000993377483443636,0.0,-0.003118797845194088,0.0,-0.002590673575129543,-0.009174311926605672,-0.0006521739130435078,-0.004757373929590858,0.0017687375635642155,-0.004315925766076867,-0.0026709401709400504
-0.002754062241806743,-0.0052011095700413845,-0.004576659038901587,-0.0007641365257259336,-0.0006561679790025865,0.001215362177928947,-0.0008463817181552091,-0.0009878982464806008,-0.0017921146953405742,-0.0014836795252226587,0.001104667219000266,-0.0031420192710515105,0.0,-0.0006016847172077844,-0.004100461301896563,0.0011343012704174704,0.0,-0.00021123785382348714,-0.0022805017103763037,-0.005844009889862334,-0.0025887573964497035,-0.0016903313049356772,-0.00038610038610042974,-0.0013315579227695107,0.002382843526608447,0.0008756567425567408,-0.00040290088638195165,-0.0013032145960033548,-0.0012391573729862992,-2.220446049250313e-16,-0.0004504504504506679,-0.0014858841010403356,-0.001981178801386818,-0.0022136137244050946,-0.0035211267605632646,-0.004141739530602817,-0.0025146689019278634,-0.001713796058269046,-0.0005408328826391751,-0.0024554941682013443,-0.0035899481451934223,-0.00028176951253877647,-0.0008841732979666395,0.0,-0.0010732492621412515,-0.0012983640612826974,-0.002135231316726105,-0.003042155584528472,-0.0002162162162161474,0.0020736132711252075,-0.0007012622720897754,0.0006391818472353261,-0.0012836970474967568,-0.0015974440894568342,0.0006671114076051143,0.0,-0.003050640634532753,0.001778304682868992,-0.003392705682782049,-0.0019646365422396617,0.000750938673341528,0.0033826638477800763,-0.0005793742757822518,-0.0028598665395613843,0.0009842519685039353,-0.007642998027613479,0.0,-0.001227295041728138,-0.0005973715651134137,-0.00231362467866314,0.000684697021568148,-0.001034482758620836,-0.0011976047904191933,0.00036643459142515766,-0.0016956337431116575,-0.0022831050228309113,-0.0002623983206507807,-0.003154574132492094,-0.0005961251862892647,-0.004921259842519787,0.001599360255897686,-0.007405213270141986,-0.0023255813953488857,-0.002096436058700246,0.002144772117962601,-0.00128150363092705,-0.004191321499013689,-0.0024305555555556024,-0.004608294930875445,0.0013340448239058667,0.0,-0.0016263940520444553,-0.0030777122339058494,-0.004387096774193244,0.0018132366273799772,-0.0003475842891901282,0.0,0.0002420135527589906,-0.002138275124732636,-0.002847843775427017,0.0,0.0,-0.0017331022530331364,-0.004021447721179738,-0.0013670539986330166,-0.0011098779134294245,-0.0016458196181694529,-0.0018416206261508972,-0.000669045495093723,-0.004179728317659337,-0.0014094432699082171,-0.0010460251046024993,0.0,-0.0033025099075297826,-0.004283266704740107,-0.0005920663114264979,-0.002220427937020486,-0.001823154056517895,0.0007692307692308553,-0.0005954153021731079,0.00030048076923083755,-0.0009000900090009312,0.0013670539986330166,-0.0037209302325583726,0.0010735373054213682,-0.0009419152276295417,-0.0008960573476701761,-0.0018786902844877273,-0.0018301610541731073,-0.0011574074074074403,0.0,0.0,0.0006305170239597757,-0.002854230377166478,-0.0015503875968991832,0.003112678979041217,-0.0006128702757913773,-0.0004993757802749244,0.002315580549123286,0.0,-0.0014220705346985607,0.002826855123674754,-0.0012987012987012436,-0.0007716049382715529,-0.0026103980857078435,-0.002390057361376652,0.0002207018318249876,-0.000866926744690022,-0.002142474558114782
-0.0019331676332504655,-0.00034855350296247867,-0.006896551724137834,-0.001529441753759797,0.0,-0.0004855547462974119,-0.00042354934349841944,-0.0032138442521628674,-0.004039497307001816,-0.0002971768202079117,-0.003310344827586187,-0.0008405127127548706,0.0,0.004214328717639715,-0.0036026762738030627,-0.0018128257421257121,0.0020986358866736943,0.0,0.000571428571428445,-0.002260908885372448,-0.0025954764553206555,-0.0013545546901457817,2.220446049250313e-16,-0.0005333333333333856,-0.0031695721077653616,0.0017497812773403787,0.0,-0.0030448020878643955,0.0,0.0024752475247526995,-0.0076611086074809265,-0.006944444444444642,0.0007444168734491718,0.0,-0.0008833922261484162,-0.0004621072088721867,-0.004201680672269004,-0.0006437768240343811,-0.0010822510822510178,0.0006153846153844622,0.0,0.0025366403607667287,-0.0008849557522123686,-0.003527336860670083,-0.003223207091055502,-0.0028601144045765636,-0.0007132667617688604,-0.0030514385353095363,0.0,-0.00025866528711882,0.00140350877192974,0.0019163206643246777,-0.0032133676092545027,0.0,0.0006666666666665932,-0.0044329516069450126,0.003059975520195657,0.0,0.001276595744680975,0.0019685039370078705,-0.001250625312656295,-0.003371260008428023,0.0005797101449276365,-0.002629063097514539,0.000983284169124854,-0.00024844720496874917,0.0007692307692308553,-0.002211845662324685,-0.002390914524805776,-0.0033496521515073985,0.0006842285323296338,-0.002761477390403999,-0.0003996802557952872,0.0,0.001273885350318471,0.0,0.0007874015748032814,0.0006329113924050667,0.0002982403817477497,0.0009891196834816984,-0.00159680638722548,-0.003282602208296237,-0.0015540015540015384,-0.003501400560223966,0.0018726591760300781,-0.0034217279726259653,-0.0027234463976230083,-0.002784545770971314,-0.005324074074074203,0.006128430588862255,0.0,-0.00046544100535284016,-0.0012863390789814577,-0.0025920165889066205,-0.0018099547511313263,-0.0006954102920724292,-0.0015200868621063623,0.003145414952818948,0.0028571428571428914,-0.002039983680130586,0.005042016806722227,0.0,2.220446049250313e-16,0.001345895020188781,0.002053388090349051,-0.0016666666666667052,-0.0009891196834816984,0.0014760147601475815,0.000223164472216153,-0.0017488632388947822,0.0009409550693952884,-0.0010471204188483574,0.0,0.000662690523525411,0.0002867794665901702,-0.002962085308057083,-0.004046125834513692,0.0018264840182649067,-0.001537279016141646,-0.0014894250819182941,-0.00360468609191944,0.0009009009009008917,-0.0017064846416382506,2.220446049250313e-16,0.0013404825737266535,0.0028284098051540862,0.0,-0.0024200053777896358,-0.0011001100110009654,0.0030899961375048246,-0.0033914728682167272,-0.0011381743683135381,-0.0014702793530770863,-0.004293600490696936,-0.00038819875776407997,0.002896152254861395,-0.0004088307440721639,-0.0007494379215584601,0.0013201320132014693,-0.0017699115044248481,0.0005696382796920307,-0.0028188865398167673,-0.0019505851755526882,0.006949806949807069,-0.004143947655397939,-0.007666506947771934,-0.001985878199470381,0.00021691973969617528,-0.0013419216317765992
0.0008301051466519382,0.0006973500697349255,-0.001322751322751281,0.000510594842992429,0.00032829940906098365,-0.00048579062424125574,0.0,-0.0014880952380954549,0.0013519603424962945,0.0026753864447086606,0.001383891502906076,0.00525762355415349,-0.0008650519031141446,-0.0005995203836931529,0.004907024793388004,0.0018161180476727878,0.0,2.220446049250313e-16,0.0,0.006798096532971032,0.0018587360594795044,0.0006781959986439379,-0.0019312475859405431,0.0,0.0015898251192367763,-0.0008733624454148048,0.0,0.0013089005235602524,0.0006203473945407545,-0.0030864197530864335,0.007720254314259822,0.0012487512487511232,0.0009918175055789735,-0.0016638935108154174,0.0,0.0,0.0008438818565401629,0.0,0.0005417118093173912,0.0,0.0004003202562048447,0.0,-0.0026572187776794376,0.003539823008849474,-0.0002694691457827414,0.0023468057366369255,2.220446049250313e-16,0.004372540445999107,0.0,0.0005174644243208792,0.0014015416958654825,0.003187759005419233,0.0009671179883945502,-0.006399999999999961,-0.0013324450366422047,-0.0014842300556585641,0.004270896888346476,0.0035502958579880506,0.0,0.0019646365422396617,0.0010017530678687603,0.004228329809724984,0.0008690614136730446,0.0021567217828901697,-0.0009823182711198308,0.0029821073558644606,-0.000768639508070712,0.0017241379310342086,-0.0017974835230679664,-0.0002585315408480948,0.0,0.0024229837313951563,-0.0005997600959616323,-0.001831501831501825,-0.0012722646310431296,-0.0004576659038901809,0.00262260687123006,0.0006325110689437974,-0.0008944543828265372,0.0,0.006797281087564944,0.0,0.0007782101167315147,0.0007027406886856991,0.0005340453938582623,0.0038626609442058424,-0.0002482621648464134,0.0003490401396160081,0.003490807540144525,0.0010593220338983578,0.0015564202334630295,-3.3306690738754696e-16,0.0023183925811440798,-0.00025987525987525295,0.004986400725294882,0.0020876826722338038,-0.0015224010439321978,0.0009647853352627855,-0.002849002849002802,0.002657399836467622,0.006688963210702559,0.0005617977528091789,0.0004340277777776791,0.0033602150537632713,0.000683060109289535,0.0005564830272677401,0.00033003300330047836,0.0003684598378776993,-0.00089245872378374,0.0035038542396637062,0.0,0.00041928721174011585,0.0,0.0,0.0017201834862388132,-0.0029708853238265,0.0004062563477555958,-0.001823154056517895,-0.002309468822170757,-0.0011933174224343368,0.0012059089538738466,0.0004500450045004101,0.000683760683760859,-3.3306690738754696e-16,0.0013386880856760541,0.0018802883108746116,-0.0026905829596411968,0.00026954177897575704,0.002936857562408246,0.005005775895263964,0.0,0.0009115770282588365,0.0,0.00020533880903506052,-0.0023300970873787463,-0.003712871287128716,0.0008179959100202971,0.0024999999999997247,-0.000988793671720667,0.002216312056737557,-0.0008539709649868499,-0.0035335689045936647,0.0,-0.0023006134969325576,-0.0006570302233904757,0.0009657170449060004,-0.0017687375635639935,0.0015181088700932932,0.0005374899220638163
0.0,-0.0006968641114983853,0.0,-3.3306690738754696e-16,-0.0006563833278634412,-0.0007290400972049804,-0.0004237288135592321,0.0012419274714356998,-0.0013501350135011192,2.220446049250313e-16,-0.0033167495854062867,0.0010460251046024993,0.0,-0.0035992801439708177,0.0005140066820870093,-0.0006798096532967257,-0.0005235602094240122,-0.0006338474540463768,-0.0011422044545973398,0.0031510240828269698,-0.0011131725417440341,0.0006777363605556808,-0.0003869969040248833,-0.0005336179295623023,-0.0007936507936507908,-0.0008741258741260527,0.0016122531237403592,0.0,0.0,-0.0018575851393187737,0.0018026137899953554,0.0032427039161890825,-0.0007431260837256204,0.0005555555555556424,0.0008841732979663064,0.001849283402681312,0.0,0.0,0.0,0.0006150061500616033,0.0004001600640255454,-0.0005622715771718134,0.0,-0.002645502645502562,-0.0008086253369272711,-0.002341311134235413,0.001427551748750755,-0.0002176752285589778,0.0,0.0007757951900697613,0.0,0.0003177629488402278,0.0006441223832527321,0.0024154589371980784,0.0006671114076051143,-0.001858045336305958,-0.0036452004860266785,0.002358490566037874,0.0012749681257968604,-0.0009803921568627416,-0.0002501876407304815,-0.0016842105263158436,0.0,0.0007173601147776321,-0.000983284169124965,2.220446049250313e-16,0.0030769230769234213,0.0007376444553726103,-0.006002400960383625,0.0033617791569693356,0.0,-0.0006906077348066697,0.0002000400080015563,0.0,-0.001273885350318471,0.00045787545787545625,0.0,-0.0012642225031604948,0.0011936735302895407,0.0,-0.001588562351072298,0.0011976047904191933,0.0,0.0014044943820226141,0.002668801708033186,-0.0004275331338176036,0.0024832381425381467,0.0034891835310537633,0.0006957328385897021,0.0,0.0015540015540016494,0.0055878928987196375,-0.0010280133641736855,-0.0007798284377433795,-0.0027063599458728715,0.0010416666666666075,0.001089087344805284,-0.0024096385542166088,-0.0007142857142855563,-0.003465851172273049,-0.0016611295681062677,0.00028074115665344124,-0.0006507592190889699,0.0046885465505692725,0.0,-0.0005561735261400136,0.001319696469811893,0.0014732965009209842,-0.001786511835641491,-0.0003491620111729654,0.00023501762632194279,0.0,0.0,0.0,0.0,0.0017878426698452188,0.0012182741116750773,-0.0018264840182650177,0.0,-0.003285543608124275,0.0012044564890092424,0.0,-0.003074820635463049,-0.0009337068160595319,-0.0037433155080214275,-2.220446049250313e-16,0.003597122302158251,-0.0021557531662623752,-0.002196193265007307,0.0007662835249042654,0.0,0.0009107468123863427,0.0012620950778292617,0.0008211866146581315,-0.0035033086804202584,-0.0010351966873706209,-0.000817327339599494,0.0009975062344143026,0.0,0.0017691287041132764,-0.00199430199430195,0.0028368794326241176,0.0006514657980456473,-0.000768639508070712,-0.0015340784571553634,0.0009647853352627855,0.0011074197120710672,0.004114335210047448,0.0002686005909213751
0.0019353055017969911,-0.0024407252440726834,0.0,0.0022965042102578437,0.0,0.0007295719844357951,0.0004239084357777756,0.0007442322004465041,-0.0009013068949976777,0.00029647198339755043,-0.0024958402662227375,0.002716823406478497,0.0,0.0018061408789880051,0.00025687130747531484,0.000453514739228833,0.0005238344683078378,-0.00042283298097245403,0.0011435105774728616,-0.0008974646623288729,0.0033432392273404776,0.0,0.0007742934572201321,0.0021356113187398496,-0.001588562351072298,-0.0008748906386699673,0.0004024144869214652,0.00043572984749462584,-0.0006199628022317549,0.0006203473945407545,-0.001799370220422869,-0.0004972650422677694,-0.0004957858205254517,0.001110494169905607,0.0008833922261484162,0.0013844023996307797,-0.000843170320404707,0.000429461026411726,-0.0005414185165131258,-0.0006146281499691542,-0.0012000000000000899,0.0005625879043600346,0.002664298401421128,-0.0008841732979664174,0.0,0.0015645371577572842,0.0,0.0021772262138035625,0.00021626297577848064,0.0018087855297153066,0.0006997900629810427,0.0031766200762388674,-0.0016092693916961442,0.0,0.0,0.0007446016381236209,0.0012195121951219523,-0.0005882352941176672,-0.000848896434634927,-0.0009813542688910104,0.0015015015015016342,-0.000421762969211259,-0.00028943560057881346,0.0,0.0009842519685041573,0.0012388503468780954,0.0,0.0,-0.004227053140096859,0.0010309278350515427,0.0,-0.00034554250172780243,0.0,-0.0011009174311927827,0.00042517006802733626,-0.0018306636155607237,-0.0007847240387131027,0.0025316455696202667,0.0005961251862889316,0.0039525691699606735,-0.0011933174224344478,0.0008971291866033404,0.0007776049766718973,-0.0007012622720898865,0.0,0.000427715996577982,0.0032202130294773923,-0.0006954102920724292,0.0030127462340672206,-0.0002645502645501896,0.0007757951900697613,0.0025468858532067262,-0.0002572678157966024,0.002081165452653355,0.0009045680687471691,-0.0006937218175512294,0.0008703220191468297,-0.0014492753623194243,0.0007147962830591492,0.001432078559738148,-0.0008319467554075421,0.0005613247263540622,0.0006511829824180637,0.0020000000000000018,-0.0013651877133105117,0.0,0.001976935749588238,0.0022066936373665857,0.0004474272930647949,0.0038421236465242536,-0.00023496240601517115,-0.00041911148365481043,0.0,0.0,-1.1102230246251565e-16,-2.220446049250313e-16,-0.0010139931048469553,0.0009149130832570851,0.0007716049382715529,0.003596044351213523,0.0015037593984961184,0.0004498425551056062,-0.007539410555174708,0.0,-0.0018786902844873943,0.001563966218329771,0.0035842293906811484,0.003240615716986195,0.001100513573000672,-0.0026799387442573153,0.0,0.0015923566878983664,0.00021008403361344463,0.0,0.0031250000000000444,0.0022797927461140066,0.0006134969325153339,0.004235176880916791,0.0006598482349062795,0.0,0.0005709391949757503,0.0,0.0,0.002307692307692122,0.0013169446883227742,0.0,-0.0008849557522124796,-0.0004313133491479215,0.0008055853920516665
0.0005518763796907855,0.0006990562740303297,0.0006622516556293867,0.0007637474541752898,0.0019704433497538254,0.0026731470230856313,0.0012711864406782514,0.0027268220128904286,0.0018042399639148776,0.00029638411381149865,0.0013900472616068527,0.00270946227594826,0.0,-0.00060096153846112,0.0005136106831018505,0.0006799637352679078,0.0,0.0,0.002855511136493183,0.000673703121491176,0.0003702332469455172,0.0037250253979004277,0.000773694390715951,-0.0007991475759190347,-0.0007955449482895949,0.0008756567425569628,0.0,-0.0004355400696863798,-0.0006203473945410876,0.001239925604463732,0.002703920684993033,0.0029850746268658135,0.0007440476190476719,-0.0005546311702718798,0.001765225066195919,0.0009216589861751334,0.0008438818565401629,0.0012878300064391723,0.002708559046587178,0.0006150061500613813,0.0016019223067682553,0.0025302220972729383,0.0026572187776794376,0.0,0.0005395198273534518,0.0005206977349649922,0.0007127583749109156,0.0039104931566369405,0.003243243243243432,0.004384833634253571,0.0,0.010766307789740415,0.010638297872340496,0.0016064257028114426,0.0,0.0018601190476188467,-0.0012180267965894442,0.0005885815185402432,0.00042480883602369346,0.0019646365422396617,0.0009995002498750516,0.0012658227848101333,0.0011580775911987917,0.0014336917562720597,0.002949852507374562,0.003217025488740477,-0.0015337423312886678,0.002702702702702675,0.0018192844147968401,0.0002574665293513245,0.0,0.0013826477704803608,0.0020000000000000018,0.0011021307861867058,0.0008499787505311662,0.0027510316368639653,0.0002617801047120061,0.0006313131313131493,0.0014894250819186272,0.0009842519685041573,-0.0007964954201514773,0.0017926501344482926,0.002331002331002363,0.0035087719298245723,-0.00026616981634275394,0.0017101325352715246,0.0019753086419753707,0.005915100904662518,0.0020794824399263945,0.005557025668166293,0.0,-0.0011547344110853786,0.00257334019557387,0.0007788161993766973,0.0004518752824220762,-0.00034710170079810254,-0.00021739130434783593,0.0007256894049347817,-0.0035714285714286698,0.001838610827374687,0.0016652789342213037,-0.0005610098176717093,-0.0006507592190889699,0.001996007984031989,-0.0006835269993166193,0.0011129660545350362,-0.0019730351857941697,0.0011009174311926717,0.0004472271914131021,-0.0010438413361167909,0.0007050528789660504,0.0008385744234802317,0.0,0.0026490066225166586,0.003148254149971219,-0.0005948839976203102,0.00040600893219666645,0.00365630712979903,0.0015420200462603617,0.0005971931919974693,0.0015015015015016342,0.0022482014388491844,0.0027624309392264568,0.0009345794392525697,-0.0016133369185263868,0.000936914428482094,0.0,0.003768506056527565,0.0007328691828512035,0.0007677543186179747,0.002673796791443639,0.002044060867590236,0.0016803192606595907,0.0,0.006230529595015799,0.002481389578163684,0.0004087471898630568,0.002232696601339512,0.0006594131223209843,0.0,0.005706134094151105,0.0007072135785006761,0.0013020833333334814,0.0007674597083655588,0.0010960105217012739,0.0,-0.00022143489813986061,0.0004314994606255951,0.0016098738932115442
-0.00027578599007160864,0.0010478519035974632,0.0006618133686298044,0.0017807173747137472,0.0006555227794164953,0.0033931168201650763,0.0029623360135420107,0.0012360939431397266,0.0,-0.002666666666666817,0.0027762354247637955,-0.002078569943878339,0.0,0.0024052916416115178,0.0010266940451744144,0.0009060022650053678,0.0,0.0004230118443315778,0.001138952164009277,0.00022441651705551457,-0.0007401924500369805,0.004048582995951344,0.0027058368766907925,-0.0002665955745133619,0.0007961783439489611,-0.0008748906386700783,0.0004022526146418848,0.0008714596949890296,0.0,-0.0006191950464399243,0.004044943820225022,0.003472222222222099,-0.0002478314745973931,0.0033296337402886067,0.0008810572687223406,0.0013812154696133394,0.001686340640809636,0.0,0.0005402485143164437,0.0012292562999385304,0.0011995201919232645,0.0025238362310713303,-0.0008833922261485272,0.0008849557522123686,0.0010784578053384397,0.0013010668748376641,0.0007122507122507837,0.000216403375892682,0.0021551724137929273,0.0012840267077556256,0.0,0.007518796992481036,0.002870813397129135,-0.0016038492381716951,0.0,0.0025993316004455647,0.0012195121951219523,0.0,0.0,0.0,0.0002496255616573073,0.0054782975136957734,0.0005783689994214303,0.00047721307563808324,0.0,0.0004933399111988201,-0.001536098310291778,0.0002450379808867087,0.004237288135593431,-0.001029601029600924,0.0,0.002761477390403888,0.0007984031936127955,0.0011009174311926717,0.0,0.00137174211248281,0.0015702695629418173,0.0018927444794953896,0.0008923259964304098,0.003933136676499416,0.0,0.0020876826722338038,-0.0031007751937984773,0.0013986013986013734,0.0013312034078807322,0.0004268032437046987,0.0027106949236077593,0.0013836042891732792,0.00230574129582628,0.0050000000000003375,0.0,0.0018497109826589586,0.002566735112935925,0.0005188067444876765,-0.0013550135501355642,0.00034722222222205446,-0.0008697542944118286,0.0009668842156151936,0.0,0.0012234910277324484,0.0008312551953448821,0.0036486107213022922,0.0002170609941394286,0.0026560424966799445,0.0,0.0005558643690939391,0.0,-0.0040322580645161255,0.0,-0.0013932427725530383,0.0004697040864254376,-0.0006284038542103687,0.0,-0.0026420079260238705,-0.0008559201141227213,0.0,0.0016233766233766378,0.0009107468123863427,2.220446049250313e-16,0.00029841838257227415,0.0,0.0022431583669806354,0.001721763085399619,-3.3306690738754696e-16,0.00188526797737687,0.0009360374414977279,0.0008928571428570287,-0.000536336819522587,0.00146466495789066,0.001917913310318431,2.220446049250313e-16,-0.0011332728921125135,0.0006290626965821389,0.0,0.0003869969040244392,0.004950495049505177,0.0024514811031666195,0.0014851485148512644,0.0,0.002207505518763808,-0.0011347517730495582,-0.0007067137809186885,-3.3306690738754696e-16,-0.0030674846625767804,-0.0004379242391068239,0.0,-0.0024363233665558592,0.0006469700237221598,0.0005357621216179886
0.0,-0.00034891835310546515,-0.001322751322751281,0.001015744032503818,0.0006550933508024936,0.0019323671497588624,0.0,-0.0007407407407404865,0.0013507429085999334,0.0005941770647654998,0.004706533776301258,-0.0006248698187880652,0.0,0.0011997600479902726,-0.0005128205128206442,0.0006788866259335169,0.0020942408376962707,0.0023255813953488857,-0.0011376564277588708,2.220446049250313e-16,0.0,-0.0023521505376342677,0.00038550501156531247,0.0,-0.0007955449482895949,0.0026269702276706663,0.0012062726176116367,0.0008707009142361333,0.0012414649286156543,0.0,-0.0004476275738587443,-0.0007414730598123143,0.0012394645513138514,-0.0016592920353980523,-0.0008802816901408717,0.0,0.0008417508417508657,-0.001071811361200381,-0.002159827213822796,-0.0018416206261511192,0.0019968051118210983,-0.0011188811188811432,-0.0008841732979663064,-0.0035366931918656697,0.001885267977377092,-0.0015592515592518508,0.0,0.00043271311120740563,0.00021505376344110871,-0.0015388561169531467,0.0,0.0012437810945273853,0.0012722646310432406,0.0008032128514057213,0.0,0.001481481481481417,-0.0012180267965894442,0.0,-0.000424628450106157,-0.0019607843137254832,-0.0007486897928623559,0.0016764459346185756,-0.00028901734104036514,0.0004769854519439676,-0.0009803921568627416,-0.0002465483234714849,0.0,-0.0004899559039684975,-0.0006027727546715766,-0.0015459933006957138,0.0,0.001376936316695554,-0.0007977662544874642,0.0007331378299120228,-0.00042462845010626804,0.0,0.0002613012803760473,0.0018891687657429657,-0.0014858841010400026,-0.00783545543584685,-0.0007971303308089706,0.0008928571428572507,0.0015552099533437946,0.0,0.0005317734645038374,0.0,-0.0009830425165889833,-0.00138169257340226,0.00023004370830448373,0.0,-0.0007751937984495916,-0.00023078698361411742,0.0017921146953405742,0.0007778065854293637,0.0013568521031208647,0.0013884068031935204,0.0,0.0009659502535621645,0.0,0.0010183299389003864,-0.0008305647840531893,0.0022371364653241965,0.0006510416666665186,0.0,0.0,-0.002777777777777768,0.00032948929159815066,0.00036805299963171834,0.00022351363433203986,-0.00034879665155218564,0.0,0.0014671976524835983,0.0,0.001986754966887494,0.0002855511136494737,0.0,-0.00020259319286852762,-0.0009099181073703999,0.0007698229407235857,-0.0002983293556085842,0.0,-0.0013428827215758998,0.0,-0.0009337068160595319,-0.001344086021505153,-0.0015586034912719038,-0.000892060660124816,-0.004561309364099819,0.0,0.0011485451761101828,0.0,2.220446049250313e-16,-0.001466890192791337,0.0,-0.0011605415860735935,0.0008210180623973162,0.0008151620134499993,-0.0024715768660403814,0.0,0.0,0.002272081794944425,-0.0021216407355022504,0.0006501950585178218,0.002307692307692122,0.00021905805038335835,0.0,-0.001776198934280604,0.0,0.0013386880856760541
0.0005517241379311422,-0.0020942408376961597,0.000993377483443636,-0.0007610350076103778,-0.000654664484451728,0.00024108003857281624,0.0,0.0009883864591053726,-0.0017985611510791255,0.0,0.0011022320198401658,0.0,0.0,-0.002396644697423289,0.0005130836326321386,-0.00045228403437347353,0.0005224660397074032,0.0,0.0017084282460138045,0.000448732331164603,0.0,-0.00033681374200089653,-0.002697495183044296,0.0008000000000001339,-0.00398089171974525,0.0,0.0,-0.001304915180513344,-0.001239925604463732,4.440892098500626e-16,0.0006717420510524708,0.0004946821667082268,0.0012379301807377008,0.0,0.0,-0.0009195402298850519,0.0,0.00021459227467790498,0.0005411255411253979,0.0,-0.0015942606616181632,0.0005600672080650071,0.0,0.0008873114463177068,0.0021505376344086446,0.0,-0.00142348754448407,0.0012975778546711059,-0.0004300150505269773,0.0005137426149499635,0.0,-0.0034161490683229934,-0.00031766200762395336,-0.0008025682182987159,0.0033333333333334103,0.0011094674556215711,-0.0006097560975613092,0.0005882352941175562,0.0021240441801189114,0.0,-0.0004995004995004271,-0.001255230125523088,-0.0008673026886385493,-0.000476758045292236,0.0009813542688910104,-0.0002466091245375557,0.003076923076922977,0.0004901960784313708,-0.001809408926417455,0.0005161290322579504,0.0,0.0006875214850463607,0.0,0.0,-0.00042480883602369346,-0.001369863013698569,-0.0018286311389759113,0.0018856065367693908,0.0,0.0039486673247777215,0.0023932987634625036,0.0005947071067498033,0.0,-0.0034916201117318746,-0.00079723624767436,0.0,-0.0014760147601473594,0.0010377032168797928,-0.0006899724011038,-0.002356637863315303,0.0007757951900697613,0.001846722068328921,0.001022233580373566,0.0002590673575129099,0.0004516711833784104,0.0010398613518198818,0.0,0.00024125452352219412,0.0007168458781359188,-0.001220752797558733,0.0016625103906899863,0.0008370535714288252,0.0006506180871830303,0.0013245033112583293,0.0,0.0027855153203342198,0.0013175230566533358,0.0007358351729214174,0.00022346368715098208,-0.0013956734124214165,0.0,-0.000837170364168971,0.0,0.0,-0.00028546959748798617,0.0,-0.0010131712259373593,0.0,0.0015384615384614886,-0.00029841838257227415,-0.0014992503748126884,0.00044822949350065144,0.0,0.0009345794392525697,-0.0016150740242263373,-0.0006244146113018045,0.0,-0.000269541778975646,0.0,-0.0011472275334607485,-0.0004848484848481993,-0.00022691173133648768,-0.0018887722980062138,0.0,0.0003872966692486379,-0.00041017227235451426,-0.0020362451639177603,0.002229930624380705,0.0,0.0004405286343611703,0.000283366392745954,0.0028348688873141015,-0.001299545159194393,0.0015349194167306734,-0.00043802014892679875,0.0,0.0,0.0004310344827587187,-0.0013368983957218195
0.0,0.000349772647778801,-0.0006615944426067166,0.0005077430820004114,0.0006550933508024936,0.00024102193299557761,-0.0004219409282703035,0.0004937052579609968,0.00045045045045055687,-0.00029691211401439155,-0.0011010184420590097,-0.00020842017507294308,0.0,-0.0018018018018018944,-0.0002564102564102111,0.00022624434389162396,0.0,-0.00021092596498595295,0.0011370096645821892,0.00022426553038790153,0.00037037037037035425,-0.001010781671159089,0.0023183925811436357,0.0005329070077271236,0.00399680255795376,0.0,-0.0008032128514056103,0.00043554006968649084,0.0,0.0006195786864930941,0.002461400760796595,0.0032138442521629784,0.0007418397626113293,0.001108033240997175,0.0008810572687223406,0.0,0.0,0.0008581849388544782,0.0,0.0006150061500616033,-0.001996007984031989,0.00027987685418406905,0.0,0.0008865248226950229,-3.3306690738754696e-16,0.0005205622071835503,0.0007127583749109156,0.0006479481641468166,0.0002151000215100396,0.00025673940949921814,0.0,-0.0003116235587409255,-0.0012710517953606892,0.0,0.0,-0.0014776505356484115,-0.0012202562538130568,0.0023515579071133885,-0.0016956337431115465,0.0,0.0012493753123434814,0.0012568077084207374,0.0002893518518520821,-0.0007154781779156183,0.0,-0.0009866798223976403,-0.0030674846625766694,0.001959823615874434,0.0,0.0020634511220016805,-0.0010256410256410664,-0.0003435245620061478,0.0,0.00146520146520146,0.0,-0.0009144947416551696,-0.0015702695629417063,0.0006273525721456341,0.0,0.001966568338249486,0.0003979307600474602,-0.0002971768202079117,0.0015527950310558758,-0.0007007708479327412,-0.0010638297872340718,0.005119453924914641,0.001724562700172294,0.0013821700069107656,0.00046029919447621026,-0.0005249343832022246,-0.0015503875968994052,0.0027649769585251782,0.00025529742149599244,0.0010360010360010996,0.0,0.0006925207756229845,0.0002176278563656986,0.0004823926676316148,4.440892098500626e-16,-0.0008148299042576301,0.0016597510373443924,0.002230275996654818,0.0,-0.002645502645502562,0.0006839945280439075,-0.0011111111111110628,-0.0009868421052632304,0.0011029411764706953,0.0017873100983023527,0.0,0.00023474178403759538,0.0012568077084207374,0.0,-0.0006609385327165374,0.0008566533409479771,0.0017857142857142794,0.0,0.0018214936247722413,0.0023041474654379446,0.0002985074626864481,0.0009009009009008917,0.0008960573476703981,0.0,0.0028011204481792618,0.0005392289026691088,2.220446049250313e-16,-0.002678571428571419,-0.0013480722566731052,-0.000365630712979792,-0.0003828483920368386,-0.00024254183846705857,-0.00022696323195658952,-0.0006307821698906535,0.0,0.0015485869144409303,0.00020517029134192732,0.001020199959191892,-0.00024721878862810076,0.0,0.0026420079260236484,-0.0005665722379606386,0.0,0.0019518542615486467,-0.0030651340996169507,0.00021910604732666705,-0.0009638554216866435,0.00044483985765109146,0.0006462731581216019,-0.0005354752342704439
0.0041356492969395475,0.0,-0.0003310162197948108,0.0005074854097946169,0.001309328968903456,0.0007228915662651492,0.0,0.0007401924500369805,0.0009004952723998816,0.0014850014850016358,-0.0011022320198401658,-0.00020846362309767663,0.0008658008658009031,0.0036101083032491488,0.0002564760194920801,0.0004523863379324311,0.0,0.00021097046413465215,0.0028392958546277214,0.000672645739910438,0.0003702332469455172,0.0010118043844855595,0.0023130300693909867,0.00026631158455403536,0.0031847133757960666,-0.0008733624454148048,0.001205787781350498,-0.0004353504571179556,0.0006207324643079382,0.0,0.0017857142857145014,0.0004928536224744207,0.000741289844329085,0.0005534034311012181,-0.0008802816901408717,-0.00046019328117818947,-0.001682085786375187,-0.00021436227224014281,0.0010816657652787942,0.0,0.00039999999999995595,0.005316172355903648,0.0,0.0026572187776794376,-0.0008047210300425878,0.00026014568158183593,0.0,0.00043168573278662414,-0.001290322580645209,0.0017967145790553918,0.0,0.00218204488778051,-0.00031816735602918644,0.0,-0.0019933554817276322,0.0003699593044763638,-0.000610873549174884,0.0029325513196480912,0.0,0.0009823182711197198,0.0007486897928628,0.0020920502092049986,0.0017356089094588967,0.0007159904534608241,-0.0019607843137254832,0.0002469135802467548,0.0,0.0009779951100243878,0.0006042296072508169,0.0,0.0003422313483916195,-0.0027491408934707806,0.0003992015968066198,-0.0007315288953911869,-0.0008499787505311662,0.0013729977116703207,0.0,0.0,-0.0011904761904764083,0.007850834151128527,-0.0015910898965790787,0.0002972651605230858,0.0,0.0007012622720896644,-0.0002662406815763241,0.005093378607810006,4.440892098500626e-16,0.0017253278122844051,0.0006901311249136732,-0.0002626050420168058,0.0007763975155281599,0.0013786764705880916,-0.0002552322613578184,0.0,0.00045146726862310693,0.000692041522491138,-0.00021758050478692947,0.0014464802314364533,0.0021489971346706493,0.0006116207951070152,0.0057995028997515075,0.00027816411682879405,-0.00021673168617264427,0.011936339522546469,0.0013670539986330166,0.0011123470522802492,0.004609812314784412,0.0007344840249723372,-0.00022301516503131502,-0.00034940600978339287,0.0007040600797934005,0.0,0.0,0.001322751322751392,0.0,0.0011883541295305555,-0.00040567951318448703,-0.0018181818181818299,-0.0015325670498085309,0.0011936735302895407,0.0003000300030002734,-0.0004476275738587443,0.001031282227569541,-0.003724394785847407,0.0008084074373484462,-2.220446049250313e-16,2.220446049250313e-16,0.0013498920086394417,0.00036576444769553795,0.00038299502106475813,0.0,-0.00045402951191819696,0.0006311803071743505,0.0,0.0019327406262075186,0.0006153846153846843,0.0,-0.0007418397626113293,0.0013179571663921585,0.0013175230566535578,0.0,0.0,-0.0006493506493505663,0.003074558032282848,-0.00043811610076649465,-0.0014471780028944004,-0.0006669630947085947,0.0019375672766415164,0.00026788106080921636
0.0010982976386602061,0.0006993006993005757,0.00033112582781469335,0.0,0.001634521085321916,-0.001203948952564149,0.0004221190375688355,-0.0012327416173569805,-0.0013495276653171517,0.0,-0.003310344827586187,0.0006255212677230837,-0.0008650519031141446,0.0,0.0012820512820512775,0.00022609088853720039,0.0,-0.00021092596498595295,-0.001698754246885481,0.0006721935917546329,0.0,-0.0006738544474393926,-0.0007692307692307443,-0.0010649627263045192,-0.0015873015873015817,0.0034965034965033226,0.0004014452027298887,0.0013066202090592505,0.0006203473945407545,0.0,0.0008912655971480277,0.000738916256157518,0.0019753086419753707,0.0005530973451328691,0.0008810572687223406,0.0004604051565377798,0.0,0.0006432246998284707,0.0,-0.0006146281499693762,0.0003998400639744215,-0.0008349568605622304,0.0,0.0,0.0008053691275167196,-0.0002600780234071065,0.0,0.0012944983818770073,0.00021533161068054696,0.000512426338713734,0.0,0.0,0.0006365372374284028,0.003212851405622663,-0.0006657789613847553,0.002218934911242698,-0.0006112469437655754,0.007602339181286721,0.0,0.0009813542688910104,0.0014962593516207878,0.0020876826722338038,0.0005775339301183902,0.00047698545194374553,0.0019646365422396617,0.0019748210318442094,0.0,-0.0009770395701025336,0.0,0.0,0.0006842285323296338,0.000689179875947632,-0.0011971268954511505,0.002196193265007196,0.0008507018290089263,-0.0013711151736744975,0.0005242463958063937,-0.0012539184952977678,0.0011918951132301459,-0.0019474196689386325,0.0031872509960158,0.0014858841010403356,-0.0007751937984495916,-0.0007007708479327412,0.00026631158455403536,0.0008445945945947386,-0.0004918839153962296,0.0006889424733036442,0.0016091954022987576,0.0,-0.002327385570209506,-0.0016062413951354326,0.0,0.0002587322121603286,-0.002256317689530718,0.0006915629322270522,-0.0010881392818281599,-0.00288878189696673,-2.220446049250313e-16,0.0,0.0049423393739702615,0.0025027808676307828,-0.0002167786689790674,0.000655307994757548,0.0020477815699657675,-0.002777777777777768,-0.003605375286791279,-0.0003669724770642979,0.0004461298237785627,0.003844809507165259,-0.0007035647279547419,0.0,0.0,-0.0026420079260238705,0.0002853067047077218,0.0,0.0008116883116884299,0.0018214936247722413,0.0007674597083657808,0.0,0.001799640071985742,-0.0004478280340348695,0.002060439560439553,0.002803738317757043,0.001615508885298933,0.0003124023742580029,0.0026857654431511335,0.0,0.00109689213893982,0.0,0.00048520135856344737,0.0009084714967066976,0.00021026072329677348,0.0,-0.0019290123456789932,0.0004100041000407728,-0.0010191602119853371,-0.0012373174956693545,-0.0013162224415925738,-0.007456140350877161,0.0011337868480727487,0.0,-0.0006497725795970855,-0.0022988505747126853,0.0,0.0,0.0,-0.003008165019338205,0.0
0.0002742731760831951,-0.0006988120195666747,0.0,0.0005072279989857265,-0.0003263707571802277,-0.0002410800385731493,0.0,0.001727968402863489,0.00045045045045055687,-0.0014827995255041193,0.0002767783005810376,-0.00041675349031056186,0.0,-0.0011990407673861947,0.0,-0.000904159132007254,0.0,-0.00021097046413531828,-0.0005672149744754273,0.0002239140170172682,-0.0007401924500369805,0.0003371544167227736,-0.0011547344110854896,-0.0005330490405117683,0.0,0.0017421602787457413,-0.0008025682182984939,0.00043497172683770735,0.0,-0.0006191950464394802,-0.0017809439002670624,-0.0007383706620723851,0.0,-0.001105583195135429,-0.0008802816901408717,-0.00046019328117818947,0.0016849199663018233,-0.0004285408185129569,0.0010804970286331095,0.0018450184501845879,0.0,-0.001949860724233976,0.0,0.0,-0.0008047210300429208,-0.0002601456815816139,0.0,-0.0008618832148244993,-0.00021528525296032885,-0.0005121638924457939,0.0,-0.0006220839813373402,-0.001908396946565083,-0.0024019215372297342,0.0013324450366418716,-0.0022140221402214832,0.0024464831804280607,0.0017411491584444772,0.0,0.0,0.0,0.0,0.000288600288600227,0.00023837902264589594,0.0,-0.0004927322000493062,0.0015384615384614886,0.0,-0.003019323671497598,0.0,0.0,0.0003443526170798794,0.0,-0.0021913805697588717,0.0,0.0,-0.0005239717055279813,-0.0006277463904582614,0.00029761904761893554,-0.00487804878048792,0.0003971405877680745,-0.001186943620178238,0.002327385570209506,0.004207573632538875,-0.0007987220447284171,-0.0008438818565401629,-0.0009842519685037132,0.0,0.0011475786091350582,-0.0028894142369318976,0.0,-0.0025281544472536277,-0.0030635690579525754,0.0010346611484739476,-0.0013568521031208647,-0.0006910850034553828,0.0,-0.0007242877836793893,-0.002859185132237263,-0.0006112469437653534,0.0024590163934428144,0.0011095700416088317,-0.00043365134431916363,-0.0019646365422397727,-0.002043596730245234,0.0022284122562674646,0.001315789473684159,0.001468428781204123,0.0,0.0010445682451254434,0.0004693733865288596,0.0,0.0,0.001986754966887494,-0.0008556759840273598,0.0,-0.00020275750202769505,0.0,0.0007668711656438898,0.0011922503725785294,-0.0008982035928142285,0.0,0.0,-0.002795899347623587,-0.0010752688172044333,0.0015615240474704528,0.0,0.0005392289026691088,-0.000365230094960034,-0.0007656967840734552,-0.00024248302618790074,2.220446049250313e-16,0.0,0.0,0.0011596443757249109,0.0006147540983607591,-0.0004080799836768678,-0.0014866204162538033,-0.0016474464579899761,-0.0035351303579319593,-0.0014156285390714007,0.0,0.0006501950585175997,0.001536098310291889,0.0006574621959236637,0.0009661835748790981,-0.0008898776418243548,-0.0017241379310344307,-0.0002678093197644449
-0.0005483959418699502,0.0010489510489508636,0.0,-0.0002534854245878071,-0.00032647730982693357,4.440892098500626e-16,0.0,0.003942828979792923,0.00045024763619982977,-0.0005940005940007209,-0.00027670171555049805,0.0,0.0017316017316015841,-0.005402160864345751,0.0,0.00022624434389162396,0.0,-0.00084405992825487,0.0011350737797954924,0.00022386389075434998,0.0,-0.0010111223458036944,-0.002697495183044296,0.0,-0.0007949125596183881,-0.0008695652173912327,-0.0016064257028112205,-0.0013043478260870156,0.0,0.0006195786864930941,-0.00022301516503131502,-0.0012315270935961964,0.0007392804337111869,-0.0005534034311013292,-0.0017621145374449032,0.0,0.000841042893187538,-0.0004287245444801746,-0.0005396654074474316,0.0012277470841008942,-0.0007993605115906854,-0.0008372871895060419,-0.0008849557522123686,-0.0035335689045937757,0.00026845637583883253,-0.0015612802498049527,-0.0007122507122506727,-0.0008626266982961761,-0.0010766580534021797,-0.000256213169356867,-0.0006993006993006867,0.0003112356053531773,-0.0019120458891012104,-0.0016051364365972098,4.440892098500626e-16,0.00036982248520711636,0.0018303843807199183,0.0005793742757820297,0.0,-0.0009803921568627416,-0.0002490039840636893,0.0,0.0011540680900175015,-0.00023832221163011535,-0.0009803921568627416,-0.0004929751047573205,0.0023041474654379446,0.0,-0.0030284675953967666,0.0,0.0,-0.00034423407917372195,0.0003995205753095643,-0.0007320644216690653,0.0008499787505311662,0.0,0.0002621231979029748,-0.0012562814070351536,0.0011901219875036784,0.0019607843137257053,-0.0003969829297341132,0.0,0.0,-3.3306690738754696e-16,-0.0007993605115907965,-1.1102230246251565e-16,0.0,0.0,0.0,-0.004478398314014753,-0.002332814930015692,0.0020737327188939947,0.001280409731114096,-0.0012919896640828377,0.0009057971014494459,-0.0006915629322269412,0.0,0.000966417008939402,0.0,0.0004077471967378621,0.0024529844644318732,0.009143807148794592,0.0008676789587853673,0.005249343832021136,0.0013651877133105117,0.0005558643690939391,0.001971090670170872,0.0007331378299120228,0.0,0.0,-0.0002345765892565188,0.0,0.0,-0.0006609385327165374,0.0,-0.0029673590504450953,-0.0010139931048467332,-0.0027272727272726893,-0.0030651340996169507,-0.0005954153021733299,0.0008990110878033253,-0.00044802867383519906,-0.0010281014393420662,0.004672897196261738,-0.00026910656620016127,0.000623635796694888,0.0,0.0010778765831311876,-0.00073072707343802,0.0,-0.0004850836769345612,-1.1102230246251565e-16,0.00021021652301866922,0.0,-0.001544401544401497,0.003276674175711536,-0.0008164931618697135,-0.001985111662531014,0.0,0.0,-0.001417635384178828,0.0007067137809186885,-0.0006497725795974185,0.0,0.00021901007446345488,0.0014478764478764727,0.0008906702293476343,-0.00021588946459405456,0.00026788106080921636
-0.0016460905349794386,0.0,0.00033101621979469975,-0.0005070993914809696,-0.00032658393207041225,0.0007234145165175843,0.0,0.0002454590083456054,-0.0004500450045006321,0.0,0.0,-0.00020846362309767663,-0.0017286084701814142,0.0006035003017499374,0.0,-0.00022619316896677066,0.0,0.0,0.0005668934240365964,-0.0011190689346463056,0.0,-0.0023616734143050433,-0.002704791344667612,0.0005333333333334966,-0.0007955449482895949,0.0,0.0016090104585679832,-0.0013060513713538668,-0.0006199628022317549,-0.0006191950464394802,0.0011153245594468508,-0.000739827373612667,-0.0004924895345975733,-0.0005537098560353115,0.001765225066195919,0.0,0.0,0.0,-0.001079913606911398,-0.0006131207847946962,0.00039999999999995595,0.0,-0.0026572187776794376,-0.0008865248226950229,-0.0005367686527105731,0.0005212405525150121,0.0014255167498218313,0.0,0.0,0.0007688364941058623,-0.0041987403778865895,-0.0018668326073429942,-0.002234993614304015,0.000803858520900258,-0.001996007984031989,0.0,-0.003045066991473777,-0.0005790387955992848,0.0,0.0009813542688910104,0.0007471980074720275,-0.0008333333333332416,0.00028818443804023985,0.0009535160905840279,0.0,0.0004932182490753334,-0.0007662835249043765,0.0,0.004252733900364181,0.0,0.0013675213675212738,0.0003443526170798794,-0.0007987220447284171,0.0,-0.000849256900212314,0.0013729977116703207,-0.0005241090146751448,0.002515723270440251,0.0,0.0009784735812132794,-0.0019857029388403724,0.0002970885323827499,0.001547987616099089,-0.0013966480446927498,-0.0008000000000000229,0.0004222972972973693,0.0007389162561570739,0.0,0.0006877579092159358,-0.00026462026991302956,-0.0038971161340606297,-0.0013796275005745207,0.0,0.0,0.0,-0.0006920415224913601,0.0002178649237472019,-0.00024137098720766748,0.0,-0.00040758100672499964,0.004893964110929794,0.008786381109280539,-0.0004334633723451775,0.003916449086161844,-0.0006816632583503957,-0.0011111111111110628,-0.0006557377049180024,0.0,-0.00022296544035682597,0.0003478260869564931,0.000469263256686947,-0.00041841004184117736,0.0,-0.001322751322751281,0.0011418783899512785,0.0029761904761904656,-0.00020300446609855527,0.0027347310847767314,0.001537279016141424,0.0,-0.0008982035928144505,0.0013446884805021764,0.0003430531732420139,-0.0046511627906977715,0.0,-0.0009348706762233316,0.0,0.0,0.0,0.0003831417624520217,0.00024265954865354544,2.220446049250313e-16,0.0,0.0,-4.440892098500626e-16,-0.001837109614206911,0.0010214504596526286,-0.0004972650422674363,0.0016501650165015036,0.0008869179600885513,-0.0014196479273143048,0.0014124293785311437,-0.0006501950585173777,-0.0007668711656441118,-0.0004379242391068239,0.005783132530120527,0.0,-0.00021593608291958777,-0.0002678093197644449
-0.0016488046166526216,0.00034928396786582105,-0.0003309066843149022,0.0002536783358699779,-0.001306762495916547,-0.00024096385542160537,-0.00042194092827008145,-0.0009815950920244454,-0.0004502476361996077,-0.002080237741456159,0.001383891502906076,0.0002085070892410279,0.0,-0.001809408926417122,0.0,-0.0006787330316738727,0.0,0.0,0.0,0.001120322652923944,0.0007407407407407085,-0.00033818058843404497,0.0038744672607515795,0.0007995735607675414,0.0023885350318471055,0.0008703220191470518,0.00040160642570286065,-0.0008718395815170421,-4.440892098500626e-16,0.0,0.0004456327985742359,-0.000493583415597354,-0.0007390983000739038,0.0,0.0008810572687223406,0.0013812154696133394,-0.0025210084033614466,0.0004289084280506561,0.00108108108108107,0.0,0.0,0.0,0.000888099467140302,0.0017746228926351915,-0.0010741138560687036,0.0,0.0,0.00043168573278662414,0.0,-0.0002560819462227304,-0.005621925509487036,-0.00841645885286757,0.0006399999999999739,0.0016064257028114426,0.0,2.220446049250313e-16,-0.000610873549174884,-0.0028968713789104816,0.0,-0.002941176470588003,0.0002488800398208202,0.0008340283569641116,0.0011524056467875354,-0.00071445582281493,0.0009813542688910104,0.00024648755237866027,0.0007668711656443339,0.0,0.000604960677555999,0.0,-0.0013656538067599033,-0.00034423407917361093,0.00039968025579550925,0.001098901098901095,0.0,-0.0013711151736744975,-0.0007865757734660805,-0.0012547051442910462,0.0,0.00586510263929596,-0.0035813768404298063,-0.0020790020790021346,-0.0023183925811436357,-0.002797202797202858,-0.0005337603416064596,-0.00042211903756861346,0.0004922471080488489,0.0,0.0009163802978235935,0.00026469031233489204,-0.0015649452269170805,-0.00414460050656229,-0.000511508951406725,-0.0010349288486416475,0.0004524886877828038,0.0006925207756232066,0.0,0.00024142926122672215,0.0,0.0004077471967378621,0.0,-0.0027218290691346514,0.002168256721595707,-0.0019505851755526882,0.0027285129604364133,-0.0022246941045609425,-0.0022965879265091083,0.001098901098901095,2.220446049250313e-16,0.0,-0.00046904315196993895,-0.0004185851820844855,0.0,0.0006622516556291647,0.00028514399771917276,-0.0017804154302670794,0.0,0.0,0.0,-0.0005957700327674509,-0.0017980221756068726,-0.00044762757385841123,0.0006858710562411829,0.0,-0.00026917900403766737,-0.0003119151590766922,0.0,-0.0010767160161506695,0.0,0.0007659900421297383,0.00024260067928194573,0.00022691173133648768,-0.00021017234131981422,0.0,0.0011600928074253503,-0.002044989775051076,0.0010204081632652073,0.0004975124378108209,-0.000988467874794119,0.0013291980505096834,-0.0019903326698891277,-0.0007052186177715081,0.0,-0.00230237912509601,0.00043811610076693874,0.0014374700527073347,0.0,-0.00021598272138223518,0.00026788106080921636
0.00027525461051447486,-0.0003491620111734095,-0.0016550810989738318,0.0002536139994930853,0.0006542361792607476,0.0,0.00042211903756861346,0.0,0.0004504504504501128,-0.0029779630732577056,0.0008291873963515162,0.0,0.0008658008658009031,0.0024169184290026013,0.0,-0.00022639800769763685,-0.0005221932114881644,0.0004223864836327973,-0.0016997167138811387,-0.0006714413607878944,-0.00037009622501837924,-0.00033829499323423384,0.002315708220764101,-0.00026631158455392434,-0.000794281175536149,-0.0017391304347826875,-0.001204335608189444,-0.00043630017452001013,0.0018610421836231517,-4.440892098500626e-16,0.0008908685968820329,0.001481481481481639,-0.0012327416173567585,0.001108033240997175,-0.0008802816901408717,0.0004597701149426925,0.0,0.0,-0.0005399568034556435,-0.0006134969325154449,0.0003998400639744215,0.0,0.0,-0.0008857395925597755,0.0,-0.0013024225058612116,0.0,0.0006472491909386147,0.0,0.0002561475409834646,0.0014134275618378211,-0.0003143665513990479,-0.001598976654940465,-0.0016038492381716951,0.0,-1.1102230246251565e-16,0.0,-0.0005810575246952832,0.000849256900212314,0.0,-0.0002488181139586043,0.005833333333333357,0.0,-0.00023832221163011535,0.0039215686274509665,0.0009857072449486193,0.0,0.0,0.0006045949214030788,0.0,0.0,0.00034435261707965736,0.0007990411506193507,0.0007317965605562193,0.0008499787505311662,0.0,0.0010495932826029009,0.0006281407035175768,0.0,-0.0019436345966957758,0.0003993610223642641,0.00029761904761893554,0.0,2.220446049250313e-16,-0.0008010680907877266,0.0,0.0012300123001227625,0.0,0.001373311970702451,0.0018523418893887644,-0.0007836990595611049,-0.002774566473988327,0.0005117707267141558,-0.0002590002590001639,0.0,0.0,0.0004356349379219804,0.0002413709872073344,0.0,0.0004075810067252217,-0.0008116883116883189,-0.00245633187772909,0.0015144958892254756,0.002605863192182367,-0.0020408163265305257,0.002787068004459714,-0.0003288391976323801,0.0014635931211124387,-0.00022301516503131502,-0.0003477051460362146,-0.00023463162834336249,0.00020938023450600696,0.00746268656716409,-0.0006618133686300265,-0.0002850627137972461,-0.0011890606420926764,0.0006091370558376497,0.0,0.0015349194167306734,0.0008941877794337305,0.0,0.0013434841021044974,-0.00034270047978079976,0.0,0.000538502961766163,-0.0009360374414977279,0.0,-0.001347345728913929,0.001462522851919612,0.010332950631457782,-0.0004850836769345612,-0.0006805807622505267,-0.00021021652301866922,0.0,0.00038624951718779776,-0.0004098360655737654,0.0016309887869521145,-0.0002486325211334961,0.0009894459102903763,0.0,0.002279202279202419,0.0007057163020465218,0.0,0.0,0.0,0.0,0.0,0.0002160293799955415,0.00026780931976433386
-0.0005503577325262077,-0.000349283967865599,-0.0019893899204244114,-0.0010141987829618282,-0.0013076168682575329,2.220446049250313e-16,0.0,-0.0002456398919185032,0.0004502476362000518,0.0005973715651133027,-0.000552333609500244,0.00020846362309767663,-0.0008650519031141446,0.0024110910186863066,-0.0005121638924454608,0.0009057971014494459,0.0005224660397074032,-0.0004222081486174867,0.0005675368898980793,0.0,-0.0003702332469456282,0.0,0.00038505968425117665,-0.0005327650506126158,0.0007949125596184992,0.0,0.000803858520900258,-0.0013094718463552146,0.0,0.0,0.0004450378282152556,-0.0002465483234714849,-0.0004937052579611079,-0.0005534034311013292,0.0,-0.0022977941176470784,0.0,-0.0006430868167203174,0.0005402485143164437,0.0,-0.0007993605115906854,0.0,-0.0008873114463177068,-0.0017730496453900457,0.0002688172043010528,-0.00026082420448592103,-0.000711743772242146,-0.0008624407072013174,-0.00043112739814632484,0.0,0.0021171489061393434,-0.002201257861635164,0.000960922485585769,0.0008032128514057213,0.0,0.0,0.001833740831295172,0.0,0.002121340687314399,0.0,-0.0007466401194621275,-0.0008285004142503105,-0.0002877697841725535,0.0,0.0,0.0004923682914816929,-0.0030651340996169507,0.0,-0.0024169184290030454,0.0,0.0006837606837606369,0.0,0.0007984031936127955,0.00109689213893982,0.001273885350318471,0.0018306636155605016,0.0002621231979029748,0.0,-0.0002971768202079117,0.003894839337877487,-0.003193612774451182,0.0,-0.0030983733539892144,-0.0007012622720898865,-0.0005344735435597325,0.00042229729729759136,0.0,0.0,0.0009142857142854233,0.0023771790808242432,0.0015686274509805198,0.0016230002318571302,0.0010230179028136721,-0.0012953367875648825,0.0,0.0,-0.00021772262138031184,4.440892098500626e-16,0.0,0.00020370747606435202,0.0016246953696179567,-0.0019151846785224746,0.0,0.0006497725795970855,0.0006816632583503957,0.0,0.0,-0.00073072707343802,2.220446049250313e-16,0.0,0.0004693733865288596,0.00041867280720109257,0.0,0.001986754966887494,0.0005702879954379014,0.0011904761904761862,0.00040584415584410394,0.0,-0.0015325670498085309,0.00029779630732562623,-0.0003002101471029084,0.0008944543828268703,0.0003428179636615347,0.0018691588785046953,0.0008073196986011499,0.0,0.0008928571428570287,0.0008094981111710364,0.0010952902519167917,-0.001136363636363491,0.00024265954865310135,-0.0002270147559592095,-0.0018923465096720715,0.0,0.0,0.0,-0.0020354162426216016,0.0009947774185523617,0.0,0.0,-0.0008527572484368084,0.0014104372355430161,0.0006506180871830303,0.0015384615384614886,0.0008758484782132037,0.0,0.00022246941045600543,-0.00043196544276447035,-0.0010709504685407767
0.0,-1.1102230246251565e-16,-0.0006644518272426181,-0.0012690355329948444,-0.0003273322422259195,-0.00024102193299579966,-0.00295358649789057,-0.0022113022113021685,-0.0004500450045004101,0.0008955223880597885,0.0,-0.00041684035014577514,0.0008658008658009031,-0.000601322910403046,0.0,-0.0013574660633486335,-0.00104438642297644,0.0,0.0,0.0006718924972006768,-0.0018518518518518823,-0.0016920473773266442,-0.0003849114703619039,-0.0005330490405117683,-0.000794281175536149,0.0008710801393729817,0.002008032128514081,0.00043706293706313737,0.0012383900928791824,-0.0006195786864928721,-0.0006672597864768592,0.0,0.0002469745616202612,0.0005537098560355336,-0.0017621145374449032,-0.0004606172270843478,-0.0008424599831508006,2.220446049250313e-16,0.0,0.0006138735420504471,0.0016000000000000458,-0.00027932960893850556,-0.000888099467140302,0.002664298401420906,-0.00026874496103190815,0.0002608922515001666,0.0,0.0002157962883038156,2.220446049250313e-16,0.0020486555697825093,0.0,-0.0018909549322408958,0.005759999999999987,-0.0008025682182987159,0.0,0.0,0.0018303843807201403,0.0,-0.00042337002540215884,0.00294985250737434,-0.0017434620174350268,-0.0024875621890546595,-0.0011514104778352907,-0.0009535160905841389,0.0009765625,0.00024606299212570626,0.000768639508070601,0.0,-0.0006056935190793533,0.0,0.0006832934745473196,0.0,-0.0007977662544874642,0.0007304601899194019,0.0008481764206955678,0.0004568296025582175,0.0010482180293500676,-0.005021971123666091,-0.0011890606420926764,0.005819592628515835,0.0008009611533841277,0.0008925914906279253,0.0,0.00070175438596487,0.0,0.00042211903756861346,0.0007371007371006488,0.0,2.220446049250313e-16,-0.00026350461133051173,-0.001566170712607673,0.0023148148148146586,0.0,0.0,0.0004522840343736956,0.0,0.0004355400696862688,0.0009652509652509078,0.0007168458781363629,0.0,-0.0016220600162204502,-0.0002741228070176627,-0.00043205875999130505,0.0,-0.0006811989100817817,-0.0016675931072819283,0.0,0.001828153564899404,-0.0006691947356682881,-0.0024347826086956736,-0.0007037297677692234,0.0,0.0,-0.0013218770654329637,-0.00028498147620403813,-0.0005945303210462827,-0.001014198782961384,0.001818181818181941,-0.0015349194167304514,0.0011908306043466599,0.0015015015015016342,-0.0004468275245756992,0.0006854009595613775,0.0,-0.000537778972842462,0.0006246096189881367,-0.000892060660124816,0.0002696144513345544,0.0,0.0007584376185059138,4.440892098500626e-16,-0.00022706630336033484,-0.0004213187276173036,0.0,0.001544401544401497,0.0008200082000822118,0.00020395676116646833,0.0,0.0009884678747937858,-0.0013274336283186638,0.0,0.0,0.0006501950585175997,-0.0007680491551458335,0.0,0.0,0.000889679715302405,-0.0004321521175454368,-0.00026802465826869515
-0.0016519823788546661,2.220446049250313e-16,-0.00033244680851052255,-0.000762388818297377,-0.0019646365422396617,0.00024108003857281624,0.000846381718154765,-0.0002462447672987311,-0.0004502476361999408,-2.220446049250313e-16,-0.0013815971262779447,0.0002085070892410279,-0.0008650519031141446,0.0,0.000512426338713734,0.0011327594019030496,0.000522739153162588,-0.0006335797254488629,0.0,0.0,0.0,0.0,-0.0003850596842509546,0.0005333333333334966,-0.0015898251192368873,-0.0008703220191471628,2.220446049250313e-16,-0.00043687199650532804,0.0006184291898578831,-0.001239925604463732,-0.0006677053193854254,0.0002466091245376667,0.0,-0.0005534034311013292,-0.001765225066195919,0.0009216589861751334,0.0,0.00021450021450020174,-0.0005399568034556435,0.0,-0.00039936102236415305,-0.0011176306230791244,0.0,-0.0026572187776793266,0.0,-0.0005216484089723972,0.0007122507122507837,-0.0010787486515643208,0.0002156566745741273,-0.001533350370559683,0.0,-0.002526049889485238,-0.0009545020680878924,0.0008032128514057213,0.0,0.0,-0.0006090133982948887,0.0,-0.00042354934349853046,0.0,-0.0002495009980041374,-0.004987531172069737,0.0,-0.00023860653781926366,0.0,-0.0014760147601473594,0.0023041474654379446,0.0,-0.002424242424242107,0.0,-0.0013656538067599033,-0.001376936316695443,-0.0003992015968063978,-0.0010948905109487983,0.0,-0.0022831050228309113,0.0,0.0012618296529969264,0.0,0.0,-0.0010004001600639745,-0.00029726516052330787,0.0015540015540016494,0.0014025245441795509,0.005080213903743358,0.0,0.0004910385465259903,0.0,-0.0006850879196164117,0.0018450184501841438,0.0,-0.0016166281755196632,-0.000255493101686155,0.0012970168612194133,-0.0022603978300180794,0.0,-0.0008707009142359112,0.0014464802314366754,0.0021489971346706493,0.0014256619144603633,-0.0016246953696182898,0.005209761447765526,-0.0008644910309054676,0.0025974025974024872,0.0,0.00222717149220486,0.0,-0.0003649635036495624,0.0,-0.0010460251046024993,0.00023474178403759538,-0.0008369951872775339,0.0,0.0,-0.0014253135689854535,-0.0005948839976205322,0.0002030456852795126,0.0,0.003074558032282848,-0.000892060660124927,-2.220446049250313e-16,0.0,0.0,0.000932835820895539,0.0005380683346787318,-0.0012484394506866447,0.0,-0.0005390835579515141,-0.0003646973012400023,-0.0015157256536566521,0.00048520135856344737,0.0009084714967066976,-0.0006322444678609207,0.0,0.00038550501156531247,0.0006145022531747202,0.0016313213703100793,0.0,0.0006583278472680476,-0.0008861320336729372,-0.001137980085348489,0.0,0.0006497725795970855,0.000768639508070601,-0.00021877050973528878,0.0,-0.00022222222222212373,0.0,-0.0008042895442357256
0.0,0.0006988120195665637,-0.00033255736614579146,0.0005086469989827869,-0.0006561679790025865,-0.00024102193299579966,0.0,0.0012315270935960854,0.00045045045045055687,-0.00029824038174741663,0.004427227448810189,-0.0004169272461954643,0.0,0.0,0.0,-0.0006788866259335169,-0.0005224660397071812,0.00021132713440397133,0.0011344299489506326,0.0,-0.00037105751391475206,0.0010169491525424679,0.00038520801232655444,-0.0013326226012790876,0.0023885350318471055,0.0,-0.00040080160320654645,0.0008741258741260527,-0.003708281829418958,0.0012414649286156543,-0.0008908685968821439,-0.0014792899408284654,-0.00024691358024697685,-0.0005537098560353115,0.0008841732979663064,-0.0009208103130754486,0.002529510961214232,-0.00021445421402532805,0.0,0.0,-0.001198561725928915,-0.0022377622377622863,0.001777777777777878,0.000888099467140302,0.0,0.0005219206680584509,-0.002135231316726105,-0.0002159827213823462,-0.0004312203536007697,0.00025595085743534973,0.0,-0.001266223488445628,-0.00222929936305738,-0.0008025682182987159,0.002666666666666595,0.0,-0.001828153564899182,0.0,-0.0004237288135593431,0.0019607843137257053,0.0007486897928628,-0.003759398496240629,-0.0002881844380404619,0.00047732696897395677,-0.0009756097560974508,-0.0004927322000491952,-0.0015325670498085309,-0.0009779951100242767,-3.3306690738754696e-16,-0.0012870012870013214,0.0,0.0013788348845227283,0.0007987220447287502,-0.00036536353671912103,0.0016949152542371504,0.0,-0.0002617801047121171,0.000630119722747402,0.0,-0.0038572806171648377,0.0010014019627477833,-0.00029735355337490166,0.0,0.0021008403361346684,0.0002660281989890212,-0.0004219409282703035,0.0007361963190184451,0.0,0.0006855575868371933,0.0023677979479086453,0.0023529411764706687,0.001387925052047434,0.0,0.0,0.000453103760761131,0.000692041522491138,0.00043572984749462584,-0.000962927298989058,-0.0042887776983557835,0.0008135041692087785,-0.00406834825061031,0.0008183306055644657,-0.0006489292667100077,0.0006476683937823857,-0.0006816632583503957,-0.001666666666666372,0.001315789473684159,-0.0010952902519167917,0.0,0.0,0.0004693733865288596,0.0008376963350784639,0.001481481481481861,-0.0006618133686300265,0.003711104767342599,0.0,0.002030044660982222,0.0,-0.0015325670498085309,0.00029761904761893554,0.0005997001499253862,-0.0004470272686634136,-0.001027397260273899,-0.0009319664492077884,0.0005377789728417959,0.0,0.0,-0.0008090614886732128,-0.0007296607077709183,0.0007590132827324236,0.00024248302618801176,0.00022691173133648768,-0.00021088148460579603,0.0,0.0011560693641619046,0.0,-0.002442996742671011,0.0,-0.0003289473684210398,0.0,-0.0002848191398462374,0.0,-0.0012987012987012436,-0.001536098310291778,-0.0004376367614880028,0.0,0.0002222716159145932,-0.0004323389537396194,0.0
0.0,-0.0010474860335192293,0.0006653359946773296,-0.0010167768174886849,0.000984898227183173,-0.0004821600771458545,-0.00042283298097245403,-0.0004920049200491938,-0.0018009905447998742,0.0020883054892599784,-0.0027548209366391463,-0.0008342022940563965,0.0,0.001203369434416235,0.0,0.0,-0.001568217459487986,0.00042256496936410315,-0.0016997167138811387,-0.0008952551477172666,-0.0014847809948032031,0.00033863867253636215,0.00038505968425117665,-0.0005337603416069037,0.0,0.0008710801393729817,0.0,0.0,-0.0006203473945410876,0.001239925604463732,-0.0013374944271067335,0.0,-0.00024697456162003917,0.0005540166204984764,0.0008833922261484162,-0.0013824884792625891,-0.000841042893187538,-0.00042900042900040347,0.0,0.0,0.0020000000000000018,0.001682085786375076,-0.0008873114463177068,-0.0008873114463175957,0.0002688172043010528,-0.0005216484089726192,0.0007132667617688604,0.0,-0.0008628127696289623,0.0007676560900715668,0.0,-0.00031695721077651395,0.0015959144589849927,0.003212851405622663,0.0006648936170212671,0.0029574861367835936,-0.0012210012210009946,0.0,-0.0016956337431115465,0.0009784735812132794,-0.0004987531172070403,0.0016771488469602414,-0.0011530700490054446,0.0,0.0009765625,-0.0002464875523787713,0.0,-0.0002447381302007612,0.0006075334143380573,0.0,-0.0013675213675213849,0.0,-0.00039904229848386485,0.0007309941520470264,-0.00042301184433191086,-0.0018306636155607237,-0.0010473946059177397,0.0006297229219143219,0.0,-0.0019361084220715918,0.0,0.00029744199881043265,0.0007757951900697613,0.0006988120195670078,-0.0018617021276595702,0.0012663571127056183,0.0007356547327121987,0.0,-0.0006850879196161896,0.0007874015748032814,-0.0007824726134584292,0.001386001386001201,-3.3306690738754696e-16,0.0002590673575131319,0.0,0.0010373443983404673,0.0008710801393729817,0.0009638554216866435,-0.002153625269203374,0.001219264377159135,-0.002450980392156632,0.002725538293813168,-0.0004329004329003405,-0.001941747572815511,-0.0006821282401091588,0.0016694490818027763,-0.0003285151116950713,-0.002192982456140302,0.0011160714285713969,-0.0010471204188479133,-0.0002345765892565188,0.0,0.002218934911242254,-0.0006622516556291647,0.0008532423208189588,0.0,0.0004051863857374993,0.0027223230490018846,-0.002302379125095899,0.0014876524843796535,-0.0005993407252024019,0.0008944543828264262,0.0,0.0,0.0005374899220638163,0.00031250000000015987,-0.002678571428571419,0.0,0.0007301935012777871,-0.0003792188092529569,-0.00024242424242415517,0.00022686025408336086,0.0006327778949588581,0.0,0.0007698229407235857,0.00020470829068575114,0.0,-0.0009937888198757738,-0.0013162224415925738,0.0022172949002217113,0.0005698005698009379,0.0,0.0013003901170349774,0.0015384615384614886,-0.0006567425569178331,0.0023923444976077235,-0.000888888888888717,-0.0008650519031141446,0.002146498524282281
0.0019305019305020377,0.0006990562740298856,-0.00033244680851052255,0.00025445292620873694,0.0,0.0,0.0004230118443315778,-0.0007383706620723851,0.00045105999097905247,-0.00029770765108660946,0.003038674033149169,0.0,0.0,0.0,-0.0007682458386681912,0.000452898550724834,-0.0015706806282722585,-0.0002111932418161766,0.0011350737797954924,-0.000448028673834866,0.0011152416356878803,-0.0013540961408259333,0.0007698229407235857,0.0008010680907875045,-0.001588562351072298,-0.0008703220191471628,-0.000400962309542896,0.0,0.0012414649286156543,0.0006191950464395912,-0.0002232142857143682,0.0,-2.220446049250313e-16,0.0005537098560355336,-0.0008826125330979595,0.0004614674665435192,0.0008417508417508657,-0.0008583690987125081,0.0010804970286331095,0.0,0.0,0.0033585222502099388,-0.000888099467140302,-0.000888099467140302,0.0018812147272238011,2.220446049250313e-16,0.0,-0.00021602937999543048,0.00043177892918833116,0.00025568908207618257,0.0,0.0025364616360175063,0.0003186743148504423,-0.0032025620496397567,0.0,0.003317360855142004,-0.0018337408312960601,-0.0017441860465117198,0.0,-0.0019550342130987275,0.0004990019960080527,0.000837170364168971,0.0,0.0002385496183203717,0.0,-0.0007396449704142327,-0.0007674597083653367,0.0,-0.0012143290831818643,-0.002577319587628857,-0.000342348510784074,0.0,0.0007984031936127955,-0.001095690284879658,-0.0012695725772320365,-0.00045850527281054987,0.0,0.0,0.0,0.0,0.0,-2.220446049250313e-16,0.0015503875968991832,-0.001396648044693083,-0.001332267519317587,0.001264755480607116,0.0,0.0,0.0002285191956126198,-0.0002622606871230948,0.0,0.0013840830449829422,4.440892098500626e-16,-2.220446049250313e-16,0.0031702898550725056,0.0,0.0006527415143602333,-0.00024073182474704247,0.0014388489208632116,0.0006088897909477531,0.0008190008190007703,-1.1102230246251565e-16,-0.0006496318752706731,0.0,0.0006825938566552558,0.0,0.00032862306933933993,-0.002197802197802412,0.0,0.002795248078266921,0.000469263256686947,-0.00041849759363876693,0.0,-0.002650762094101977,-0.0014208581983518043,0.0005952380952378711,0.0,-0.0009049773755656076,0.0015384615384614886,-0.002376708259061111,0.0011994002998501063,-0.0008936550491507322,-0.0006856359273227364,-0.000932835820895872,0.0,-0.0003124023742582249,-0.0017905102954342,0.0,0.0,-0.0011380880121396597,0.00024248302618801176,-0.0011340440009072195,-0.000632377740303558,0.0,-0.0015384615384614886,0.0016373311502251298,-0.00020408163265306367,-0.0014921661278289866,-0.0016474464579899761,0.0,0.0005694760820043054,-0.0014084507042253502,-0.0012987012987012436,-0.0007680491551458335,-0.0008762322015332114,0.0,-0.00022241992882576778,0.0,-0.0013386880856761652
0.0011010184420592317,-0.0003492839678660431,0.00033255736614568043,0.0007631645891630345,-0.0006559527714004032,0.00024119633381558536,0.0,-0.0012315270935960854,0.0,-0.00029779630732573725,-0.0005508124483614152,0.00041744938426235834,0.0,0.0,0.00025627883136847274,-0.0009053870529652785,-0.002621919244887305,-0.00042247570764686326,0.0005668934240365964,-0.0020170327207532646,-0.000742666171555828,0.002372881355932277,0.0019230769230769162,-0.0016008537886871288,0.0,0.0017421602787457413,0.0004011231448053376,0.0013100436681223737,0.0,2.220446049250313e-16,2.220446049250313e-16,0.001481481481481639,0.000247035573122556,0.0,-0.0008833922261484162,0.0004612546125462025,-0.001682085786375187,0.00021477663230240474,-0.0005396654074474316,0.0006134969325153339,0.0003992015968063978,0.0,0.0,-0.000888888888888828,-0.0008047210300429208,0.0005219206680584509,0.0,0.0,0.0,0.0005112474437629633,0.0,0.004743833017077703,-0.0015928639694170466,0.0,-0.0019933554817276322,0.00036737692872890193,-0.0006123698714024517,-0.0011648223645893685,0.0,0.0009794319294809117,0.0,0.0016729401923880616,-0.000865800865800681,-0.0007154781779156183,-0.0009756097560974508,-0.0007401924500370916,-0.0007680491551457225,-0.0007343941248472152,0.0,0.0,0.00068493150684934,0.0006884681583474439,-0.0007977662544874642,0.000731261425959806,0.0008474576271186862,0.0,0.0,0.0006293266205159576,0.0,0.0009699321047527132,0.00020008003201299474,-0.0005947071067498033,0.0,0.0006993006993007977,0.0,0.0,-0.0002450379808871528,0.0,0.0009138679460818366,-0.0010493179433368471,0.001566170712607784,0.0009214466712736957,-0.0002555583950933915,0.0007770007770007137,0.0009029345372457698,-0.000690846286701241,-0.0006523157208087049,-0.00024078979051322946,-0.001436781609195359,0.0008113590263691961,0.0008183306055646877,-0.00027181299266099135,-0.0010834236186348933,-0.0006485084306095956,0.0013642564802183177,-0.0005555555555555314,-0.0013140604467805073,-0.0007342143906019505,0.0,0.0,-0.00023452157598491397,-0.0008373456144024072,-0.002952029520295385,0.0,-0.0011383039271485318,0.0,-0.0010125556905630217,-0.0009057971014493349,0.0,-0.0005955926146514745,-0.0008984725965858198,0.0013416815742395283,0.002058319039451195,-0.0009337068160595319,0.0,0.00031249999999993783,0.0008968609865469546,0.0,-0.00036483035388545915,0.0007595898214964869,0.0007272727272724655,0.0004541326067213358,0.0,0.0,0.0019260400616332163,0.00020433183490009554,-0.0008164931618697135,0.0007471980074720275,0.0,-0.0004424778761061843,-0.0011383039271485318,-0.0035260930888574293,0.0,0.0,-0.0002192501644374678,0.0,0.0,-0.00043290043290045155,-0.0005361930294904838
0.0005499037668403872,-0.0003494060097831708,-0.00033244680851052255,0.0007625826131163471,0.0,4.440892098500626e-16,-0.00042283298097245403,-0.0019728729963005565,0.0,0.0,-0.0016533480297601377,-3.3306690738754696e-16,0.0,-0.00060096153846112,-0.000256213169356867,-0.00022655188038089857,-0.003680336487907443,0.0,0.0,-0.00022456770716394736,-0.0003716090672613026,0.00101454176530269,0.0034548944337813303,-0.001068947087119132,-0.0007955449482895949,-0.00260869565217392,-0.002405773857257376,-0.002180549498473572,-0.001239925604463732,0.0012376237623759057,-0.00022326412145567964,0.0002465483234712629,0.0,-0.0011068068622025473,-0.0008841732979664174,-0.0004610419548179978,0.0008424599831509116,-0.00021473051320597403,0.0005399568034558655,0.0,0.0,-0.0022315202231519837,0.0,-0.000889679715302516,-0.0013422818791946067,-3.3306690738754696e-16,0.0007127583749109156,0.00021607605877260738,0.0002157962883038156,0.0,0.0,0.0012590494176898392,-0.0012763241863432695,-0.0008032128514056103,0.0,0.0,-0.001225490196078316,0.0,0.0,0.001956947162426337,0.0007481296758105049,-0.0020876826722338038,0.00028885037550518966,0.00047732696897395677,-0.001953125,-0.0009876543209876854,0.003074558032282848,0.0004899559039688306,-0.0012158054711248756,0.0,0.0010266940451746365,-0.00034399724802203213,0.0,-0.00036536353671901,0.0012701100762064765,0.0,0.0,0.0006289308176099517,0.0,0.0009689922480620172,-0.0004000800160030016,0.0,0.0023219814241486336,-0.0013976240391336825,0.0,0.0,0.0009803921568629637,0.0,0.0006847751654872614,-0.002363445378151141,-0.0015637216575449253,-0.0009205983889526426,0.0005112474437629633,-0.000517598343685366,0.004510599909788304,0.0003456619426200902,-0.00021758050478692947,0.00024084778420063735,0.002877697841726201,0.0008107012565869987,-0.0008176614881438837,-0.0002718868950516429,0.00021691973969617528,-0.0006489292667098967,-0.0013623978201634523,0.0,0.0003289473684211508,-0.0007347538574576928,0.0,-0.0006968641114984964,-0.00046915317851270455,0.0008380473496754082,-0.004441154700221994,0.0,-0.0005698005698004938,0.0,-0.0002027163997566639,-0.0009066183136898776,-0.0007680491551459445,0.00029797377830753646,0.0011990407673860837,0.0,-0.001711742553920037,0.0,-0.0010744023636851674,2.220446049250313e-16,-0.0008960573476701761,0.0,0.0007299270072993469,-0.0007590132827325347,0.0,-0.0011348161597818374,-0.000632777894958747,0.0,-0.0003844675124953234,0.0006128702757914883,0.0,0.001244400199104323,0.0013201320132012473,-0.0017706949977867037,0.0,0.004953998584571684,-0.0006501950585177108,0.002305918524212247,-0.0004385964912283491,-0.0004773269689737347,0.0,-0.0023819835426591718,0.001072961373390413
0.0002748007694421961,0.003495281370150094,0.0,0.0005080010160021242,0.0009845749917951618,0.00024113817217230604,-0.00042301184433135575,0.0,-0.00045085662759236644,0.0,-0.0002760143527460457,0.00020863759649492053,0.0017316017316015841,0.0006013229104024909,-0.0007688364941056403,-0.00022660321776546422,0.0015831134564643357,0.000633981403212136,-0.0016997167138811387,0.0006738544474396146,0.0018587360594795044,0.0,0.002295332823259333,-0.0008025682182986049,-0.0007961783439490722,0.0026155187445509043,0.001607717041800516,0.0,0.0031036623215392467,0.0,0.0,-0.000985950209514419,-0.0014818473697210122,0.0,0.0,-0.00046125461254598044,-0.0016835016835018424,0.0004295532646050315,-0.0010793308148947522,0.0,0.0015961691939345712,-0.0005591277606933343,0.0,-0.0008904719501335867,0.0,0.0,-0.0007122507122506727,0.0010801468999785957,0.0,0.00025549310168626604,0.0,0.0006287331027976517,-0.0006389776357826893,0.000803858520900258,-0.0006657789613847553,-0.0025706940874036244,-0.0024539877300613355,0.0,0.0,-0.001953124999999778,0.00024919013207069796,0.0008368200836819106,-0.0002887669650591951,0.00023854961832059374,0.001956947162426559,0.0007414730598120922,0.0,0.0002448579823701724,0.001217285453439132,0.0025839793281654533,0.0,0.0010323468685480286,0.0,-2.220446049250313e-16,0.0,0.0,0.0,-0.0006285355122563896,0.0,0.0,0.000200120072042953,0.0002975304968759751,-0.003088803088802994,0.0006997900629812648,-0.0013340448239064218,-0.00042105263157898865,0.0002448579823701724,0.0,0.0,-0.0007896814951303677,0.0,-0.0011518083390924527,0.00025549310168626604,-0.0005178663904711334,0.00583744948360998,-0.0010366275051830742,0.0002176278563656986,0.0,-0.001434720229554931,0.0,0.002454991816693841,0.0005439216752787246,0.0013012361743656164,-0.001948051948052032,0.0013642564802183177,-0.0022234574763757564,0.0003288391976321581,0.0,-0.00022296544035660393,0.0,-0.00023468669326454084,0.0006280092108017499,0.0,0.0,0.0005701254275940482,-0.0005948839976203102,-0.001013787510137809,0.001814882032667997,2.220446049250313e-16,0.0011915400655344577,0.0,-0.0008932559178204125,2.220446049250313e-16,0.0,-0.0005377789728420179,-0.0003124023742582249,0.0008968609865469546,-0.0010796221322536548,0.00036469730124011335,0.0003797949107484655,0.00024224806201589288,0.0006816632583499516,-0.00042211903756861346,0.0,0.00038461538461542766,0.0061249489587587025,0.0,-0.00024857071836970057,0.0019775873434408897,0.003991130820399258,0.0005698005698009379,-0.0014084507042253502,-0.0006506180871828082,-0.0023006134969325576,-0.00021939447125929323,-0.0019102196752627254,0.0,-0.001519426958975445,0.00080385852090048
0.00027472527472527375,0.0,-0.00033255736614579146,-0.0007616146230008392,-0.0009836065573770592,-0.0007232401157182267,0.0012695725772320365,0.0007412898443288629,0.0004510599909786084,0.0,-0.001104362230811784,0.0002085940759284366,-0.0008643042350907626,0.0024038461538464784,-0.0005129520389840492,-0.00022665457842241388,0.0005268703898839711,-0.0002111932418161766,0.0011350737797954924,0.001571268237935186,-0.0007421150278292821,-0.0006756756756755022,0.0003816793893129944,-0.0002677376171351664,0.0015936254980080111,-0.0017391304347826875,-0.0008025682182983829,0.00043706293706313737,2.220446049250313e-16,0.0012360939431399487,-0.0004466279589104838,-0.000493461633358061,-0.0004946821667075607,0.0016620498614956514,0.0,0.0,0.001686340640809636,0.0004293688278229624,0.0010804970286331095,0.0,0.0,0.0,0.000888888888888939,-0.0008912655971479166,0.0,-0.00026082420448592103,0.0,0.0002157962883038156,0.00021574973031279754,0.0,0.0,-0.002513352183474704,0.00031969309462920315,0.002409638554216942,-0.0006662225183210468,-0.00036818851251851914,0.0,0.0,0.0,0.0009784735812132794,-0.0007473841554559435,-0.0012541806020066604,-0.002021952628538437,0.00047698545194374553,-0.000976562500000111,0.00024697456162003917,0.0,0.0,-0.0018237082066869803,0.0,-0.0003418803418804295,-0.00034376074252318034,-0.0003992015968063978,-0.0003654970760232912,-0.00042283298097245403,0.0,-0.0015727391874181817,-0.0012578616352201255,0.0005952380952380931,-0.0009680542110358514,0.0004001600640257674,-0.001487209994051053,0.0030983733539891034,0.0,-0.0005343307507348349,-0.0008424599831508006,-0.0017135862913096878,0.0,0.00022810218978097652,-0.000526870389883749,-0.000783085356303892,-0.0006918819188194147,0.00025542784163468113,0.0012953367875647714,0.006696428571428603,0.0020754064337598077,0.0,-0.00024078979051322946,0.0,-0.000810044552450373,-0.0016326530612245094,-0.0005436259853220937,0.001299545159194393,-0.0019518542615484247,-0.002043596730245234,0.0022284122562674646,-0.0006574621959236637,-0.0011029411764704733,-0.0006690454950939451,2.220446049250313e-16,0.0,-0.000627615062761544,0.0,0.0,0.0002849002849003579,0.0,-0.0020296326364928063,-0.0018115942028985588,0.001537279016141202,0.0014876524843798755,0.0026946107784431295,-0.0008940545373267161,0.0003429355281208135,0.0,-0.0002690341673393659,0.0,0.0,0.0010807889759523182,0.0003645643456069436,-0.0015186028853455547,-0.00024218939210496337,0.0004541326067213358,0.0,0.0,0.0,0.0014204545454545858,0.0004085801838613623,-0.0002486325211334961,0.0,0.0026501766784450265,0.0025626423690203737,-0.002115655853314524,0.0,0.000768639508070601,-0.00021944261575590485,0.0,-0.0002224694104558944,0.0013043478260870156,0.0010709504685408877
0.0010985992859107174,-0.0003483106931381208,0.0009980039920161055,-0.0005081300813006839,0.0,0.0004825090470446103,0.0004226542688081647,-0.00024691358024697685,-0.0013525698827773214,-0.0002978850163836144,-0.001105583195135651,-0.00041710114702842027,-0.0008650519031141446,0.0005995203836930418,0.0007698229407233637,-0.00022670596236673557,-0.0005265929436544248,0.0006337135614704614,0.0005668934240365964,0.00022411474675010368,0.0025993316004455647,0.0016903313049358992,0.0034338038916443825,0.0,-0.0015910898965790787,0.0017421602787457413,0.00120481927710836,0.0008737439930097679,-0.0018564356435644136,0.0,0.00022341376228807164,-0.0009874105159219937,0.0009898539965353947,0.0,0.0,0.0,0.0008417508417508657,0.0,0.0,-0.0018393623543838666,0.0019920318725101804,0.0002797202797202303,-0.003552397868561097,0.000892060660124816,0.0002688172043010528,0.0002608922515001666,0.0,0.0010787486515642097,-0.0004314063848144256,0.0007662835249042654,0.0,-0.0003149606299214236,-0.0012783636944710963,-0.0016025641025640969,0.0,-0.0014732965009207621,0.0018450184501841438,0.0,0.0,0.0009775171065491417,-0.0014958863126403044,0.0012557555462535674,0.0,-0.000238379022646118,0.0019550342130987275,-0.0004938271604939537,-0.0007662835249039324,0.0,0.0,0.0,0.00034199726402195374,-0.00034387895460818996,0.0003993610223642641,-0.001462522851919612,-0.0016920473773265332,0.0009174311926607448,-0.00105014439485418,0.0006297229219143219,0.0008923259964304098,0.0019379844961240345,0.0007999999999999119,-0.0005957700327674509,-0.0007722007722007485,0.0,-0.0005346164127237873,-0.00042158516020229797,0.0002452182442373996,0.0,0.0,-0.00026357406431221087,0.0007836990595611049,0.00046157396722823485,0.0002553626149133237,-0.001293661060801976,-0.0022172949002217113,0.0006903693476010275,0.0,0.00072254335260169,-0.001436781609195359,-0.000608025942440249,0.004905968928863302,0.0005439216752787246,-0.0012978585334199044,-0.001955671447196883,0.0013651877133105117,-0.0005558643690939391,0.0,-0.0007361059992639918,0.00022316447221637503,-0.0003486750348675738,-0.0007042253521126751,-0.00041867280720109257,0.0,0.0006644518272425071,-0.001424095699230965,0.0,-0.0012202562538133899,0.0009074410163338875,0.0007674597083653367,-0.0002970885323826389,-0.00029859659599873467,0.0004474272930647949,0.0003428179636613127,0.0009345794392525697,-0.0005382131324003225,0.00031249999999993783,0.0,0.0008097165991902688,-0.00036443148688047877,-0.00038022813688221024,0.00024224806201589288,0.00045392646391273495,0.0,0.0,-0.0003844675124953234,-0.002431610942249196,0.0006126199714109326,-0.0004973887092765139,0.0,0.0,-0.0008520306731045757,0.0,0.0026041666666667407,-0.0007680491551458335,0.0,-0.000956937799043045,-0.00022251891410784985,0.0008684324793746256,0.0024070607114201614
0.0002743484224965176,-0.0013937282229967707,-0.0009970089730805265,-0.0010167768174886849,0.0,-0.0004822763443451672,-0.001689902830587342,-0.0009878982464806008,0.0,-0.0002979737783076475,0.0011068068622026583,-0.0006259127894845395,0.0008658008658009031,-3.3306690738754696e-16,-0.0002564102564102111,0.0002267573696144165,0.0005268703898839711,0.0,-0.0005665722379606386,-0.001120322652924166,-0.001481481481481417,-0.001687478906513884,0.0,0.0005356186395286677,0.0023904382470119057,-0.0008695652173912327,0.0,0.0013094718463553257,-0.0018598884066954868,0.0,-0.0008934554389101734,0.000741289844329085,-0.0002472187886277677,-0.0016592920353980523,0.0,-0.00046146746654363024,0.0,-0.00021459227467823805,-0.0005396654074474316,-0.0018427518427519551,0.0007952286282304488,0.0011185682326622093,-0.0008912655971481387,0.0008912655971480277,-0.00026874496103190815,0.0,0.0007127583749109156,-0.0015086206896551824,-0.0012947777298231156,0.0005104645227158588,0.0,0.00031505986137392306,-0.000320000000000098,-0.0008025682182987159,0.0,-0.0014754703061600205,0.0006138735420506691,0.00291545189504383,0.0,-0.001953124999999778,0.0012484394506866447,-0.0008361204013377366,0.0,0.0007153075822603494,0.0,0.0,0.0007668711656438898,0.0,0.0,0.0,0.0,0.0010319917440659854,0.0,0.0007323324789454411,-0.0021186440677966045,-0.0004582951420717407,0.0007884362680683488,0.0,0.0002971768202080227,-0.0019342359767891004,0.0007993605115907965,0.0,0.0007727975270479526,-0.0006993006993007977,0.00026745119015769703,-0.005482918599747033,0.00024515812699177353,-0.00034423407917361093,0.0009122006841504327,0.0,-0.000783085356303892,-0.00046136101499427706,0.0,0.0,0.009777777777777663,0.0,0.0004351610095731928,0.0009626955475325882,0.0,0.0004055972419387821,-0.0032546786004881145,-0.0008154389779831961,-0.0004331817197313903,-0.0019595035924233617,-0.0013633265167006803,-0.0011123470522803602,0.0,0.0018416206261511192,-0.0006693440428382491,0.0003487966515520746,0.0,0.00020942408376956045,0.0,0.0,0.0005704506560182399,0.0005952380952380931,-0.0026471187130930884,-0.0009066183136898776,0.0,0.0002971768202080227,0.0011947431302268274,0.0017889087656528524,0.0006854009595613775,-0.0009337068160598649,0.0008077544426494665,-0.0003124023742580029,-0.0008960573476701761,0.0005393743257822159,0.0,-0.0011411182959298882,-0.0007265681763138909,-0.0002268602540835829,-0.0004222972972972583,0.0,0.0,-0.004671947999187465,0.0,0.00024881811395882636,0.0,0.0,0.0005685048322914277,0.0,-0.0012987012987012436,0.003074558032282848,-0.0010974539069360523,-0.00143678160919547,0.00044513687959035764,0.0,0.0010672358591250486
0.0005485463521666123,0.0010467550593162844,0.0003326679973385538,-0.0005089058524172518,0.0,-0.0012062726176116367,-0.0004231908590773825,0.0,-0.0018058690744920947,0.0005961251862891537,0.001105583195135651,0.00020876826722338038,-0.0008650519031141446,-0.0005991611743558778,0.0,0.0002267059623668466,-0.0010531858873090716,-0.0004222081486174867,0.0,0.00022431583669813016,-0.0003709198813057757,-0.001014198782961384,-0.00038022813688221024,-0.0008029978586722164,0.0007949125596184992,0.0,0.0,-0.0008718395815170421,0.001242236024844745,-0.0012345679012345512,0.00022356360384545582,-0.0007407407407408195,0.0,0.0005540166204984764,0.0,0.0009233610341643494,-0.000841042893187538,0.0,0.0,0.0012307692307691465,0.0,0.0,-0.000892060660124816,-0.0017809439002670624,0.0,-0.0013041210224309374,-0.0014245014245013454,-0.00021584286639320105,0.0,0.00025510204081635734,0.0,-0.0015748031496063408,-0.0003201024327783575,0.0,0.0006666666666665932,-0.0007388252678240947,0.0006134969325155559,0.0,0.0,0.0009784735812132794,0.0,-0.0008368200836822437,0.0005788712011576269,-0.0011913271384321744,-0.0009756097560974508,0.0012351778656127799,0.0,0.0029375764993879727,0.0012180267965893332,0.0,0.0013675213675212738,0.0003436426116838476,-0.00159680638722548,0.0018294914013907704,0.002123142250530785,-0.00045850527281054987,0.00026260504201669477,-0.0006293266205160686,0.0011883541295307776,0.0,-0.0011980830670925702,2.220446049250313e-16,-0.001544401544401497,-0.002799160251924393,-0.0005347593582890608,-0.0012722646310431296,-0.001225490196078316,-3.3306690738754696e-16,-0.00022784233310546576,-0.0002636435539152826,0.0007836990595611049,-0.0009231479344566917,-0.0002552974214962145,0.0,0.0017605633802817433,-0.0006898930665746317,-0.00065245759025645,0.0033661937965863142,0.0,-0.00020271639975655287,0.0,-0.0002720348204569012,0.0004333694474538685,0.0,0.0006825938566552558,0.00222717149220486,0.0009868421052632304,-0.0007352941176471672,-0.0008930564858228296,-0.0020920502092049986,0.0007047216349542751,-0.0006281407035175768,0.0,-0.0006640106241699861,0.00028506271379691306,-0.0005948839976205322,-0.0018374846876275663,0.0009074410163336655,0.0,0.0,-0.0008949880668256416,0.0044642857142858094,-0.001369863013698458,0.0009345794392525697,0.0002690341673392549,0.0,0.0008968609865469546,-0.000269541778975646,-0.0003645643456069436,0.0011424219345010922,-0.0009694619486181333,0.00022691173133670972,-0.0012674271229404788,0.0,0.0,0.0020408163265306367,0.0,-0.0004975124378110429,0.0,0.0,0.0014204545454545858,0.0,0.0,0.0030651340996168397,-0.0002197319270489384,0.0,-0.0008898776418243548,0.000650759219089192,-0.00026652452025599516
-0.00027412280701710756,-0.0006971070059255124,0.00033255736614568043,-0.0005091649694501932,-0.0003281916639317206,-0.0004830917874398821,-0.0008467400508044287,0.000988875154511737,0.0004522840343736956,-0.0005957700327674509,0.002208724461623124,0.00020872469213117917,0.0008658008658009031,0.0017985611510793476,0.0007694280584764623,-0.00022665457842241388,0.0,0.00021119324181628762,0.0005668934240365964,-0.0004485310607760251,-0.00037105751391475206,-0.0010152284263961198,-0.0038037276530997755,0.0005357621216177666,-0.001588562351072298,0.0,-0.00040112314480555966,0.0,0.0006203473945407545,0.0012360939431397266,-0.0006705409029948983,0.000741289844329085,0.0,0.0005537098560355336,0.0,0.0004612546125462025,0.0016835016835017313,0.00021463833440660274,0.0,-0.0006146281499691542,0.0,0.0,0.0008928571428570287,-0.000892060660125038,0.0,-0.0007834943849569509,-0.0007132667617687494,-0.0006476683937823857,-0.00021607605877260738,-0.0005100739607240001,0.0,0.0012618296529969264,0.0003202049311556987,0.0,-0.0006662225183210468,-0.0007393715341958984,0.0012262415695889484,-0.0023255813953489968,0.001273885350318471,-0.0009775171065493637,-0.00024937655860346464,-0.0008375209380232507,0.0008678044547296704,0.0007156488549617812,-0.002929687500000111,0.0,0.0007662835249042654,0.0007322431047107614,-0.001216545012165171,0.0,0.00034141345169014237,-0.0010305736860185544,0.00039984006397419947,-2.220446049250313e-16,0.00042372881355956515,0.0,-0.0028878970858492448,-0.0006297229219144329,0.0,-0.0009689922480620172,0.000799680127948843,-0.0011922503725784184,0.0023201856148493682,0.0035087719298245723,-0.00026752273943264626,0.001273885350318471,0.0,-0.0010330578512396382,-0.0011394712853236566,0.0015822784810128887,-0.003132341425215346,0.0,0.0005107252298264253,-0.0010362694300517505,0.0030755711775043437,0.0010355540214015413,0.0,-0.0011981787682723288,0.0007194244604316058,-0.0004055150040553901,0.0,0.00027210884353756626,-0.001299545159194282,0.0006544502617800152,0.0,-0.0005555555555555314,-0.001971738416036928,2.220446049250313e-16,0.0008938547486032622,0.0010482180293500676,0.0,0.00020951183741879653,0.0,0.0006644518272425071,-0.0008549444286120034,0.0005952380952378711,-0.0014317856412355834,-0.0009066183136897665,0.0007668711656443339,0.0002970885323827499,-0.0008957897879964261,0.006666666666666599,-0.00034293552812092454,-0.0009337068160598649,0.00026896180742363995,-0.00031250000000004885,-0.0008960573476701761,0.0,0.001094091903720118,-0.00038037276530988873,-0.00024260067928216777,-0.00022686025408347188,-0.0008460236886632666,0.0,0.001153846153846283,0.0010183299389001643,0.0,0.0004977600796416404,-0.002960526315789469,-0.0004405286343611703,-0.0014184397163120588,0.0,-0.0006501950585177108,-0.0007639419404125158,0.0,-0.00047961630695436686,-0.0006680026720105037,-0.0008671146759160475,-0.0029325513196480912
0.0,0.0,-0.0009973404255317897,-0.0010188487009674674,0.0,-0.0004833252779117281,0.0008474576271186862,-0.0004939491232403004,-0.000904159132007254,0.0002980625931447989,-0.0049586776859504855,0.0,-0.0008650519031141446,0.0,-0.0002562788313686948,-0.0004534119247338042,-0.0010542962572482883,0.0,-0.0005665722379606386,-0.0013461969934931428,0.0018559762435039762,-0.00033875338753364126,-0.003054600992745349,0.00026773761713538846,-0.0007955449482895949,0.0,-0.00040128410914930246,-0.0008726003490401313,0.001239925604463732,0.0,-0.00022366360993075762,0.0,0.0002472799208703691,-0.0005534034311013292,0.0,-0.0009220839096357736,-0.0008403361344537785,-0.00021459227467823805,-0.001079913606911398,0.0006150061500613813,-0.00039729837107660426,-0.0005586592178771221,0.0,0.0008928571428572507,-0.0008064516129032695,0.0,0.0007137758743753775,-0.0006480881399870686,0.0006483682731790452,0.00025516713447282235,0.0,-0.00031505986137359,0.0022407170294493906,0.0,0.0,0.0,0.0006123698714024517,-0.0005827505827503687,0.0008481764206953457,0.0,0.00024943876278360477,0.0016764459346185756,0.0,-0.0007151370679380209,0.0019588638589618235,-0.0007401924500370916,-0.0007656967840736773,0.0039024390243902474,0.0018270401948843329,0.0,-0.00034129692832773895,-0.0006877579092159358,0.0007993605115907965,0.000365230094959923,0.0012706480304953693,0.0004587155963302614,-0.0018430753027909308,0.002520478890989386,0.0,-0.0009699321047526022,-0.001198561725928915,-0.00029841838257227415,-0.0007716049382717749,0.0006993006993005757,-0.0002675943270001868,-0.0021204410517385863,0.0,-0.00034470872113068207,0.001368925393566034,0.0,0.0,-0.0004620004620001783,-0.0007656967840735662,-0.00025933609958517234,0.0008760402978538195,0.0,0.0,-0.0007197696737045733,0.005751258087706823,0.0,0.0008163265306124767,-0.001088139281828271,-0.0002168726957274547,0.0,0.0,-0.0011117287381879892,-0.0003292723081987914,0.0011037527593820151,-0.0004465282429114703,-0.0013961605584641434,-0.0007042253521126751,-0.0008378718056137879,0.0,0.0,-0.00028522532800923095,0.0,-0.00204834084391603,-0.0009074410163339985,0.0,-0.00029700029700041597,0.0,-0.002207505518763697,0.0,0.0,0.0010755579456838138,-0.0006251953735542104,0.0,0.0002696144513345544,-0.000728597449909163,-0.0003805175038051889,-0.001213297743266284,-0.0004538234626730864,0.0,0.0,-0.00038417210910501876,-0.0034587995930823734,0.0,0.0,-0.0003299241174528067,-0.00044072278536799736,0.0005681818181821896,0.0,-0.0013012361743656164,-0.002293577981651418,0.00021978021978008577,-0.004318618042226552,2.220446049250313e-16,0.0002169668040790107,-0.0010695187165775666
0.00027419797093464204,-0.0006975933031043713,0.000665557404326167,-0.00025497195308543663,0.0,0.00024177949709858204,0.0,0.0012354830738818823,0.0013574660633486335,0.0,-0.002768549280177224,-0.0004173622704508606,0.0,0.0017953321364452268,0.0,-0.00045361760036266574,0.0015831134564643357,-0.00021114864864857363,0.0,-0.0006740058413843286,0.0003705075954056891,0.0003388681802778404,-0.00038299502106475813,-0.00026766595289096085,0.0,0.0,0.0004014452027298887,0.0004366812227074579,-0.0012383900928791824,0.0006172839506173311,0.002013422818791799,0.0,-0.0004944375772558685,0.0005537098560355336,0.0,0.0,-0.000841042893187538,0.00021463833440660274,0.0,0.0,-0.0003974562798092496,-0.001676914477361624,0.000892060660125038,-0.000892060660125038,0.0,0.001045478306325176,0.0007132667617688604,0.0004323389537397304,0.0,0.0007653061224492941,0.0007042253521125641,-0.002206114087614397,0.0006387735547748186,-0.003212851405622441,0.0,0.0,0.0006119951040388649,0.0,0.0,-0.0009784735812132794,-0.0004987531172070403,0.0,0.0,0.0,-0.0019550342130987275,0.0,0.0,0.0002429543245872079,-0.0012158054711245425,0.0,-0.0023898941618299974,-0.0006882312456982786,-0.0007987220447284171,0.00036509675063878255,-0.0004230118443316888,-0.00045850527281054987,-0.0002637826431021173,-0.0006285355122563896,0.0,-0.001941747572815622,0.0,-0.00029850746268655914,0.0007722007722008595,-0.0006988120195666747,-0.0002676659528907388,0.0,0.0,0.0,0.00022784233310546576,0.00026329647182699034,-0.0007855459544382493,-0.0016177490177952114,0.0002554278416351252,0.0,-0.0017505470459520112,0.0,-0.0002176278563656986,0.0007202881152463814,0.0007147962830591492,0.00040567951318459805,0.0,-0.00027233115468383584,0.0006507592190889699,0.0013080444735122931,0.0020463847203273655,2.220446049250313e-16,0.0013175230566533358,0.003675119441381769,0.0006700915791828521,-0.0003495281370149428,-0.000234907211651314,0.00020964360587005793,0.0,0.0,0.0,-0.0005948839976203102,-0.0008210180623976493,0.0027247956403271267,-0.0007662835249043765,-0.0002970885323826389,-0.0002988643156006665,-0.0013274336283186638,0.00034305317324179185,0.0,-0.0008058017727637923,-0.00031279324366584316,0.0008968609865469546,-0.0008086253369272711,0.0007291286912143313,-0.0015226494099733756,-0.0007288629737607355,-0.00045402951191819696,0.0010584250635055081,0.0,-0.0003843197540351895,-0.0030624744793792402,0.0,-0.00223880597014936,0.0006600660066005126,0.0008818342151675207,0.0017035775127762776,0.0,0.0013029315960915167,0.0,0.0,0.0,0.0,0.0008676789587853673,0.0010706638115631772
0.0,0.0006980802792322383,0.0,-0.0002550369803621111,0.0006565988181221893,-2.220446049250313e-16,0.00042337002540215884,-0.0012339585389927743,-0.00045187528242229824,-0.0002979737783076475,0.0013881177123822308,0.00020876826722338038,0.0008658008658009031,-0.0011947431302267164,-0.0010253781081773772,0.000680735194009463,-0.0015806111696523573,0.00021119324181628762,-0.0011337868480723046,0.0004496402877698369,-0.0003703703703704653,0.0003387533875338633,0.0015325670498085309,-0.0008032128514056103,0.0,0.0,0.0012038523274477964,0.0004364906154517012,0.000619962802231866,-4.440892098500626e-16,-0.00044652824291124826,0.0004938271604939537,0.0002473410833541134,-0.0011068068622025473,0.0008849557522123686,0.0,0.0008417508417508657,0.0,0.000540540540540535,-0.0012292562999385304,0.0,-0.0008398656215005129,0.0,-0.0017857142857142794,-0.0005380683346786208,-0.00026109660574424876,-0.0007127583749109156,0.0,-0.00021598272138223518,-3.3306690738754696e-16,-0.0007037297677691123,0.0,0.00031918289179699855,0.0016116035455278066,0.0,0.0,-0.0012232415902140303,0.0,0.0,0.0019588638589618235,0.0,0.0,-0.0008670520231214285,0.0004770992366411875,0.0019588638589618235,0.0,0.0,-0.00048579062424070063,-0.0018259281801583649,0.0,0.0010266940451746365,-0.0013774104683197397,-0.0007993605115906854,0.0014598540145986938,0.0,0.0,0.0005277044854878898,-0.0012578616352201255,0.0005934718100888414,-0.0009727626459143934,-0.0007999999999998009,-0.0008957897879964261,-0.0007716049382717749,0.0013986013986013734,-0.0008032128514056103,-0.0012749681257968604,0.0004907975460120007,0.0,0.0,-0.0005264543300869118,2.220446049250313e-16,0.00023148148148144365,-3.3306690738754696e-16,-0.0005188067444875655,0.00043840420868046515,0.00034482758620701937,-0.0008707009142359112,-0.0007197696737045733,-0.0035714285714286698,-0.0006082725060827521,-0.0008156606851551507,-0.0010896213565787516,0.0002167786689790674,0.0006531678641410466,-0.0020422055820285,-0.0022259321090708495,-0.003289473684210509,-0.0007323324789454411,0.0,0.0,-0.00023496240601517115,-0.0004191993292810281,0.0,-0.0006640106241699861,0.0019971469329531644,-0.0005952380952377601,0.0016433853738704318,-0.0018115942028985588,-0.0007668711656441118,0.0002971768202080227,0.0,0.003101462117855558,-0.00034293552812059147,0.0,0.0005376344086021057,-0.00031289111389243285,-0.0008960573476701761,-2.220446049250313e-16,0.0,-0.0007624857033929899,-0.0012156576708000078,-0.00045423574835312674,0.00021146119687043274,0.0,0.001153402537485304,-0.0006143764079460379,0.0,-0.0002493143854402913,0.0026385224274405594,0.0,0.0028344671201816496,0.0,0.0006506180871825862,-0.0030651340996169507,-0.0002197319270489384,0.0,0.00044563279857401383,0.003467706978760088,-0.0008021390374332027
0.0,0.0006975933031043713,-0.0009976720984370413,0.00025510204081635734,-0.0003280839895014598,-0.0014503263234227903,-0.0008463817181548761,0.0002470966147760656,0.00045207956600390453,0.0005961251862891537,-4.440892098500626e-16,0.0,-0.004325259515571167,0.0011961722488036397,0.0005132152938158718,-0.0011337868480726376,0.0010554089709762238,0.0,0.0011350737797954924,0.0004494382022468546,-0.0003705075954055781,0.0003386386725365842,0.0003825554705430001,-0.000535905680600246,-0.0023885350318472165,0.0,0.0008016032064128709,-0.0008726003490401313,-0.0012391573729862992,0.0,0.0,0.000493583415597243,0.0,0.0,-0.0008841732979664174,0.0,0.000841042893187538,-0.00021459227467823805,-0.0005402485143166658,0.0018461538461538307,0.00039761431411533543,-0.0011207621182404148,0.0008912655971478056,-0.0017889087656529634,-0.0005383580080752237,0.0002611647949857243,-0.0007132667617688604,-0.00021607605877260738,0.0002160293799955415,0.0002549069589596886,0.0,0.0003158559696780916,-0.0015954052329292256,0.0016090104585679832,0.0,0.0,-0.0006123698714024517,-0.001749271137026276,0.0,-0.0009775171065493637,-0.00024950099800391534,0.0,-0.0005785363031530766,-0.0009537434430140213,0.0019550342130987275,0.0,0.003831417624520883,0.0,0.0,0.0,0.0,0.0013793103448278554,0.0,-0.0010932944606415473,-0.0004231908590773825,0.002293577981651307,-0.0002637130801684817,-0.0012594458438287548,0.000889679715302627,-0.0009737098344694273,-0.00020016012810253336,0.0008965929468021105,-0.0023166023166022454,0.0,-2.220446049250313e-16,-0.0017021276595744483,0.0007358351729214174,0.0,0.0,-0.0005267316302343117,-0.0015723270440253234,0.0004628558204118338,0.000766087844739971,-0.0007786140669608921,-0.0017528483786152238,0.0010341261633921572,0.0,-0.00024009603841546046,0.0,-0.00020288090890641097,-0.002448979591836653,-0.0005454049631851143,-0.00021673168617264427,0.0,0.0,0.001115448968209698,0.0,-0.0029314767314033707,-0.00022321428571414614,-0.0017482517482517723,0.00023501762632194279,0.0002096875655273056,0.0,0.0,0.0002847380410020417,-0.002382370458606675,0.0024610336341261974,0.0,0.0015349194167306734,0.0,-0.0008968609865470656,0.0004416961130742081,0.0003430531732420139,0.0,0.00026867275658237766,0.0,0.0008968609865469546,-0.0016185594820607996,-0.000728597449909163,0.0015261350629529602,0.0,0.000454442172233227,0.004016913319238924,0.0,0.001536098310291889,0.0016393442622950616,0.0,0.0012468827930176563,0.0,0.0,-0.0022611644997173608,0.0,0.0006501950585175997,-0.000768639508070712,-0.001098901098900984,0.0,0.0008908685968820329,-0.00043196544276447035,0.001605565962001565
-0.00027412280701744063,0.0013942140118508028,-0.0006657789613849774,0.0005100739607246663,0.0,0.0002420721374971624,-0.0021177467174926523,-0.0007411067193676679,0.00045187528242185415,-0.0017873100983021306,-0.0002772387025226086,-0.0006261740763930934,-0.0008688097306688292,-0.0017921146953402411,0.0,0.00045402951191819696,-0.0010542962572482883,-0.00021114864864857363,-0.0005668934240359302,0.0,0.000741289844329085,-0.0003385240352066221,0.001529636711280924,-0.0013404825737264314,0.0007980845969672856,0.0,-0.0008009611533840166,0.0021834061135370675,0.0,0.0012338062924124316,0.00022336385972754336,-0.0007400098667978972,0.0002472799208703691,0.0,0.0008849557522123686,-0.00046146746654363024,-0.0008403361344537785,-0.0002146383344063807,0.000540540540540535,-0.0018427518427519551,-0.0003974562798092496,0.0022440392706872814,0.0,0.0,-0.0002693239967678229,-0.0002610966057440267,0.0,0.00021612275772642242,-0.0017278617710579924,4.440892098500626e-16,0.0,-0.000947268708556992,-0.0022371364653240855,0.0,0.0013333333333331865,-0.00036995930447658587,0.001225490196078649,-0.001168224299065379,0.0,0.0029354207436398383,0.000748689792862578,0.0,0.001157742402315698,0.0,-0.0009756097560974508,-0.0009876543209876854,-0.0007633587786259888,0.0,0.0,0.0,0.0,0.001721763085399397,0.0007999999999999119,0.0007296607077709183,0.0012701100762064765,0.0,-0.0002637826431021173,0.0025220680958386588,0.000888888888888939,0.003898635477583179,0.000400400400400569,-0.0011943863839951607,0.0,-0.0013966480446927498,2.220446049250313e-16,0.0017050298380221207,0.0009803921568629637,0.0,-0.0004555808656035998,0.0,0.0015748031496063408,-0.0011566042100393803,-0.0005103342689464219,0.0,-0.0021949078138718825,-0.0020661157024796095,0.0,0.0007204610951010437,0.0,-0.0012175324675325339,-0.0016366612111293755,-0.0013642564802182067,-0.0002167786689790674,-0.001958224543081033,-0.0006821282401091588,0.0016713091922007095,0.0,0.0014700477765527964,0.0002232641214554576,-0.0028021015761822143,0.0002349624060149491,-0.0002096436058699469,0.0,0.0,-0.0011386279533159849,0.0011940298507462366,-0.002864157119476296,0.001814882032667997,-0.0030651340996169507,0.0011883541295307776,-0.0005984440454818163,-0.0008830022075051458,-2.220446049250313e-16,0.0,0.0002686005909213751,0.0,-0.0008960573476701761,0.0008105917319642941,0.0,-0.0007619047619047414,-0.00024342745861727355,0.00045423574835323777,0.001052853232259121,0.0018461538461538307,0.0019171779141105016,-0.0002045826513910054,-0.00040816326530612734,-0.0002490660024906388,0.0,0.0,0.0025495750708215414,0.0,-0.005198180636777239,0.0030769230769231992,-0.0006600660066007347,-0.0009638554216866435,0.00022251891410740576,-0.002160760587726962,0.0010686615014694478
-0.0005483959418699502,0.00034806822137123383,0.0003331112591604679,-0.00025490695895991067,-0.0003281916639317206,0.0,0.0004244482173174635,0.0007416563658837472,0.0,0.0005968367651447704,0.0016638935108155284,-0.0006265664160400863,0.0008695652173911217,-0.0011968880909637436,0.0010259040779687645,-0.0009076469253458397,0.0010554089709762238,0.0,0.0011344299489506326,-0.0017969451931714175,-0.0007407407407407085,0.0006772773450727243,-0.0030546009927451268,0.00026845637583883253,0.0,0.0008703220191470518,0.0016032064128257417,-0.0008714596949890296,0.0006203473945407545,0.0012322858903264233,0.0013398838767306742,-0.0009874105159223268,0.0,0.001108033240997175,0.0,0.0,0.0,-0.0006440532417346656,0.0005402485143164437,0.0012307692307691465,0.0,0.0011195074167367203,-0.0008904719501334757,0.0,-0.0008081896551730416,0.0,-1.1102230246251565e-16,0.0,0.00043271311120696154,0.0005096839959224386,0.0,0.0,-0.0003203074951956264,0.0,0.0006657789613846443,0.0,0.0,0.004093567251462149,0.0,-0.0029268292682925745,0.0,0.0016736401673640433,0.00028910089621270174,0.0,0.0,-0.00024715768660399373,-0.0007639419404124048,0.00048602673146991293,-0.0006097560975613092,0.0,0.0,0.00034376074252318034,0.00039968025579550925,0.0,0.0,0.0,-0.0005277044854881119,-0.0006289308176100628,0.002072232089994186,0.0,-0.0006003602161299693,0.0002989536621822442,0.0,0.0,0.000535905680600024,-0.001276595744680864,0.0,0.00034482758620701937,-0.00022789425706482014,0.0,-0.003144654088050536,-0.0006947660954140789,0.0,0.0005194805194805863,0.0008798944126704455,-0.00034506556245694764,0.0,0.00023998080153608825,0.0,-0.001625355546525764,0.0,-0.0002732240437159916,-0.00043365134431916363,0.0,0.0013651877133105117,0.0,-0.0006600660066006236,-0.0018348623853211565,-0.0002232142857143682,-0.0028099754127151044,-0.000234907211651314,0.0,0.0,0.0,-0.0011399259048164856,0.0,-0.002667213787443612,0.0,0.003074558032282848,-0.0008902077151335952,0.0,0.00088378258948274,-0.00034293552812059147,0.0009345794392521256,0.0010741138560688146,0.0,-0.0026905829596411968,0.0013498920086394417,0.0,-0.003049942813572293,0.00048697345994641594,-0.0009080590238361719,0.0004206983592767166,0.002866502866502918,0.0007654037504782885,-0.0014323715981177099,-0.0006124948958758925,-0.0009965122072749244,0.0,-0.0008810572687224516,-0.0016953941791468807,0.0,0.0006531678641410466,-0.0030674846625767804,-0.0011008366358433719,-0.0014471780028944004,0.0,-0.0008661758336941938,-0.0016012810248199338
0.0,-0.00034794711203878226,-0.0006660006660004214,-0.00025497195308543663,0.00032829940906098365,-0.00024201355275921266,0.00042426813746287984,-0.0007411067193676679,-0.0013550135501355642,-0.0005964807634954994,-0.0022148394241421343,0.0002089864158829613,0.0026064291920071536,0.0,-0.000768639508070712,-0.00022711787417695195,-0.0005271481286240887,0.0,0.0,-0.0022502250225021614,0.0,-0.00033840947546537326,-0.003063960168517843,0.0026838432635534204,-0.0007974481658692412,0.0,0.0,0.0,-0.0006199628022317549,-0.0012307692307692575,0.000446030330062408,-0.0002470966147761766,0.0,-0.0011068068622025473,-0.0008841732979664174,0.00046168051708228575,0.0,-0.00042964554242763686,0.0,-0.0012292562999385304,0.00039761431411533543,0.001956947162426559,0.0008912655971478056,0.0,-0.0010784578053381066,0.0007834943849569509,-0.0007137758743752665,-0.00021607605877260738,-0.00043252595155685025,0.0005094243504839557,0.0,-0.0009481668773704266,-0.00032041012495975796,-0.003212851405622441,4.440892098500626e-16,0.0007401924500372026,0.0,0.0017472335468837752,0.0,0.0009784735812132794,-0.0004987531172070403,0.0004177109440266502,0.00028901734104036514,-0.0004773269689735127,-0.00390625,0.0007416563658837472,0.0007645259938835469,-0.00048579062424070063,0.0006101281269068615,0.0,0.0,0.0,-0.00039952057530967533,0.0,0.00042283298097256505,-0.0004576659038900699,-0.0007919746568110231,0.0006293266205159576,-0.0011816838995570844,-0.001941747572815622,-0.0014016820184218348,0.0002988643156005555,0.0023219814241486336,0.0006993006993007977,0.0002678093197645559,0.0004260758414997845,0.001714005876591429,0.0013788348845227283,-1.1102230246251565e-16,-0.002108036890645315,-0.001577287066245936,-0.0016222479721903493,-0.0005105948429922069,0.0007788161993766973,0.0039560439560442084,0.00034518467380051376,-0.0010893246187363426,-0.0002399232245685612,0.0,-0.00020350020350012876,-0.0016393442622950616,-0.00027329871549575113,0.00021691973969617528,0.0006540222367561466,-0.0013633265167006803,-0.0005561735261400136,-0.0009907529722589237,0.0007352941176470562,0.00022326412145567964,-0.001408946812257783,-0.00023496240601517115,0.0012581253931642777,0.0,0.0,0.0,-0.0011926058437685683,-0.0016457519029006162,0.0009057971014492239,-0.0015325670498085309,0.0005940005940006099,-0.0002994011976047428,0.002207505518763808,0.0,-0.0009337068160595319,0.0008047210300430319,-0.00062597809076681,-0.0008992805755396738,0.0002696144513345544,0.0007291286912143313,-0.0019120458891012104,-0.0009734728644440471,0.0006816632583499516,0.0,0.0024499795835033478,0.0003824091778203975,0.0008196721311475308,-0.0010214504596527396,0.0002493765586037977,0.0,0.0008818342151675207,0.002830455703368262,0.0,0.0013054830287206887,0.0,0.00022040996253047673,0.0,-0.0002224694104558944,0.00043346337234484444,-0.004811547714514863
0.0,-0.002088409328228402,0.0006664445184938472,-0.0002550369803621111,-0.0003281916639317206,0.0002420721374971624,-0.0008481764206954567,0.0,0.0018091361374943382,-0.0011936735302892076,0.0011098779134295356,-0.00020894274968652482,-0.0034662045060658286,-0.0011983223487118666,-0.0005128205128206442,0.0006815084052704812,-0.0005274261603376296,0.0004223864836327973,-0.0005665722379606386,-0.00022552999548952624,-0.0003706449221646535,0.0006770480704132442,-0.00038417210910501876,-0.0002676659528907388,-0.0007980845969672856,-0.0008695652173912327,0.0004001600640255454,-0.001308329699084232,-0.0006203473945410876,0.0,0.00022291573785127028,0.0007414730598120922,-0.0004944375772560905,0.0,0.0,0.0004614674665435192,0.000841042893187538,0.0,-0.0005399568034556435,0.0012307692307691465,-0.0003974562798092496,0.0,0.0,-0.0017921146953404632,-0.0005398110661271049,0.0007828810020877874,0.0007142857142856673,0.00021612275772642242,-0.001298139333622217,0.001782077393075454,0.0,-0.0006327111673519736,0.00032051282051259733,0.00241740531829171,0.0013306719893546592,-0.0003698224852073384,0.003059975520195213,0.0,0.0016949152542373724,-0.0019550342130987275,-0.0009980039920159944,-0.00041753653444676075,-0.00028893383415196094,0.0002387774594077019,0.0009803921568627416,-0.0007411067193674459,0.0007639419404124048,0.0,-0.0012195121951218413,0.0,0.0010256410256410664,-0.00034364261168373655,0.0,-0.0003645643456069436,0.0016906170752326588,0.00045787545787545625,0.0007926023778070945,-0.0006289308176100628,-0.00029577048210582824,0.0009727626459143934,0.0010026067776216507,-0.0005975500448160975,-0.001544401544401497,0.0006988120195670078,0.0005354752342703328,0.0008517887563883608,-0.0012221950623316769,-0.001032702237521499,0.0004558924093915895,-0.0013203063110645008,0.0007898894154818592,0.0011606313834726656,-0.00025542784163468113,0.0,0.0004378283712784814,-0.0010351966873706209,0.0010905125408942062,-0.0014398848092149752,0.0007168458781363629,-0.00020354162426228228,-0.0049261083743842304,-0.0005467468562060374,-0.0002168726957274547,0.0032679738562091387,0.0006825938566552558,-0.0011129660545355913,-0.0009917355371901193,-0.0025716385011020915,-0.0008928571428572507,0.003527336860670083,0.00023501762632194279,-0.0008376963350785749,0.0,0.0,0.0,0.0,-0.0030908716257984636,-0.0018099547511313263,0.0,0.00029682398337782523,0.001497454327643144,0.002643171806167466,0.0,-0.0018691588785045843,0.0005360493165369462,0.0006263701847792902,-0.0009000900090008201,-0.0005390835579515141,-0.000728597449909052,0.0,-0.0004872107186356667,-0.0009082652134421165,-0.00042052144659388,0.0,0.000764525993883769,0.00020475020475019257,0.0,-0.0014958863126403044,0.00328947368421062,0.0,0.0025402201524138412,0.0,-0.001955671447196994,0.0007692307692306333,-0.0002203613926841097,0.0,0.0,0.0008665511265166792,-0.005909213000268587
0.0,-0.00034879665155218564,0.0003330003330002107,0.0,0.000984898227183173,-0.00024201355275921266,0.0004244482173174635,0.00024721878862798974,-0.0009029345372459918,-0.0011951000896326391,-0.0005543237250553723,0.0,0.0008695652173911217,0.0005998800239950253,0.00025654181631629136,0.00045402951191819696,4.440892098500626e-16,-0.0010555203715434391,-0.0011337868480723046,0.0015790660951948698,0.0003707823507601571,0.0003382949932340118,-0.0003843197540351895,-0.0016064257028113316,0.0015974440894568342,0.0,-0.0007999999999999119,0.0004366812227074579,0.0006207324643079382,0.0006161429451634337,-0.0006685981724985357,-0.0007409236848604506,0.0004946821667080048,0.0,0.0,-0.0013837638376383854,0.0,0.0004298302170644419,0.0010804970286331095,-0.0006146281499691542,0.0,0.0013950892857141906,-0.0017809439002671734,0.002692998204667729,0.0002700513097491086,0.0005215123859190207,0.001427551748750755,-0.00021607605877260738,-0.00021663778162905878,-0.00025412960609905166,0.0007042253521125641,0.00031655587211143477,-0.000640820249919738,0.000803858520900258,0.0013289036544850141,0.0007399186089529497,-0.0024405125076263356,0.0,0.002115059221658111,0.0009794319294809117,0.00024975024975026905,-0.0008354218880535225,0.0,0.001193602291716278,0.0019588638589618235,0.00024721878862798974,-0.0007633587786259888,-0.001944106925881095,0.0,0.0,0.0003415300546447675,0.00034376074252318034,-0.0007993605115906854,0.0007293946024800047,-0.0004219409282703035,0.0,0.000527983104540608,0.0,0.0,-0.00291545189504383,0.0002003205128207064,0.0002989536621822442,0.0015467904098993568,0.0013966480446927498,0.0,-0.0008510638297871687,-0.0009789525208030447,0.0,-0.0004556846662112646,-0.0007932310946588972,0.003946329913180779,0.00046371435195946553,0.00025549310168626604,0.0,-0.002188183807439681,-0.0003454231433505095,0.0,0.0014419610670513006,-3.3306690738754696e-16,-0.0006107491856676139,0.0033003300330032292,0.000820568927790033,-0.00043383947939279466,0.0,0.0006821282401090478,-0.0011142061281336213,-0.0006618133686300265,0.0022099447513812542,0.0002234137622878496,0.0014059753954305254,0.0009398496240600185,0.0,0.0,0.0,0.0002853067047077218,0.002388059701492473,0.0010334849111202082,-0.001813236627379755,0.0,0.0,0.0017942583732055706,0.00527240773286497,0.0,0.0,0.0,0.0,0.0009009009009008917,-0.0008090614886732128,0.0,-0.0007662835249043765,-0.0017060687301972965,0.00022727272727296466,-0.00021034917963813626,0.0,0.002673796791443861,0.0008188331627430046,-0.0002044989775051853,0.0,0.0026229508196720097,0.0,-0.0002815315315317646,0.0,0.0013063357282823151,-0.000768639508070712,-0.0002204099625302547,0.0,-0.0004450378282155887,-0.0002164502164503368,0.0021615779519050804
0.0,0.00034891835310535413,0.0,0.0010204081632652073,0.0016398819285010635,-0.0002420721374967183,0.0,0.0012357884330203017,-0.0009037505648440414,0.0,-0.0016638935108154174,-0.0010449320794149175,0.0008688097306690512,0.0005995203836932639,-0.0005129520389843822,2.220446049250313e-16,-0.0026385224274410035,0.00021132713440397133,0.0017026106696935717,-0.0006756756756751692,-0.0003706449221646535,0.00033818058843437804,-0.0019223375624759509,0.0016090104585679832,-0.0007974481658692412,0.0,0.004403522818254624,0.0,0.0006203473945407545,-0.0006157635467981537,-0.00022301516503131502,0.0,0.0,-0.001108033240997175,0.0,0.001385681293302632,-0.0008403361344537785,0.0006444683136412888,-0.0010793308148947522,0.0006150061500613813,0.0015904572564613417,0.0002786291446086331,0.0,0.0,-0.0008099352051835762,0.0002606202762576171,-0.002138275124732636,0.0004322455154526228,0.0013001083423618276,-0.0010167768174886849,0.0028149190710766714,0.0015822784810126667,0.0,0.0,-0.001990710019907027,0.0,-0.003058103975535187,0.0,0.0008442380751372269,-0.0009784735812132794,0.0002496878901374622,-0.0004180602006689238,-0.001734104046242857,-0.0007153075822603494,-0.0009775171065493637,-0.0002471576866042158,0.0007639419404124048,0.0009739469198926098,0.001831501831502047,-0.002577319587628857,-0.0013656538067599033,0.0,0.0012000000000000899,-0.0003644314868807008,0.0,-0.0004576659038901809,0.0005277044854878898,0.0,0.0,0.0019493177387914784,0.004005607850991355,0.0,0.001544401544401719,-0.0013947001394704062,-0.0005351886540003736,0.0008517887563883608,-0.0004899559039684975,0.001033769813921559,0.0,0.0023815824292141574,0.0,0.0009269988412510255,-0.0005108556832693623,0.0,0.0,0.0006910850034553828,0.0,0.0004799616030717324,4.440892098500626e-16,0.00040741495212870404,0.00328947368421062,-0.0016397922929761721,-0.00021701388888872852,-0.0013029315960911836,-0.0027266530334014716,0.001673173452314547,0.0,-0.0007350238882763982,0.0002233638597273213,-0.0007020007020006602,0.0,0.00020959966464051405,0.0,0.0006644518272425071,0.0,0.0005955926146516966,-0.0012389015073299703,0.0027247956403271267,-0.0007674597083653367,0.00029673590504453173,0.0,-0.0017482517482518833,0.0010291595197255976,-0.0018726591760299671,0.0005357621216179886,0.0,0.0018001800180018623,-0.0005398110661267719,0.0007291286912141093,0.0011503067484663898,-0.000244140625000111,0.000454442172233227,0.00042078687144941895,0.0,0.0003809523809523707,0.003068112088361552,-0.00020454080589071832,0.0007490636704119424,0.0006540222367561466,0.0035242290748900285,-0.0002816108138553597,-0.0021201413427562876,0.0,0.0,-0.001322751322751392,0.0024154589371980784,-0.0004452359750665158,-0.0012989824637366088,0.0010784578053384397
0.0008230452674895528,-0.00034879665155218564,0.0003328894806924332,0.0005096839959224386,-0.0026195153896528822,0.0,-0.0008485362749257597,0.0009874105159219937,0.0004522840343736956,0.0002991325157046809,0.0,0.000627615062761544,-0.0008680555555553582,0.0005991611743558778,0.0007698229407235857,0.00022691173133648768,0.0,0.00021128248468205157,-0.0005665722379606386,0.00022537750732420925,0.0,-0.0020283975659232123,-0.0011556240369802184,0.0,0.0015961691939345712,-0.0008703220191471628,-0.0011956954962136779,0.0013094718463553257,0.002479851208927464,0.0012322858903264233,0.0015614543832258576,0.0,-0.0002472187886277677,-0.0005546311702718798,0.0,-0.00046125461254598044,0.000841042893187538,0.0,0.0005402485143164437,0.0012292562999385304,0.0,-0.0011142061281337323,0.000892060660125038,-0.0008952551477170445,0.0013509862199403422,0.0010422094841062712,0.0,0.0019442644199612058,0.00021640337589290404,4.440892098500626e-16,0.0,0.0,-0.0006412311638346324,0.002409638554216942,0.0,0.0,-0.0018404907975461127,-0.0017441860465117198,0.001687051876845258,0.0009794319294809117,0.0004992511233148367,0.0,0.0017371163867980766,0.00023860653781926366,0.0029354207436398383,0.0022249690976512415,0.0,0.0,0.0012187690432661213,0.0,0.0,0.0,-0.00039952057530978635,-0.0007291286912139983,-0.0008442380751371159,-0.0013736263736264798,4.440892098500626e-16,0.0,0.0,0.0009727626459143934,0.0029922202274086374,-0.0002988643156006665,-0.0015420200462606948,0.0006983240223463749,-0.0008032128514058323,0.0017021276595747814,0.0009803921568625196,0.0,-0.00022794620469546167,-0.000263991552270082,0.0,0.0011576753878210777,0.000511116790186561,-0.001037613488975353,0.008771929824561209,0.0013812154696133394,0.0008714596949890296,0.0011993283761095874,-0.0007163323782236608,-0.00040724903278344105,-0.0008196721311475308,-0.0005474952094168817,0.00043412198827863513,0.0,0.0006835269993163973,0.00222717149220486,-0.0006622516556290536,0.0,-0.0008932559178207455,-0.0010537407797680531,-0.0011737089201877549,-0.00041911148365481043,0.0,-0.0006640106241699861,0.0008556759840274708,0.0005952380952380931,0.0028943560057883566,-0.0018115942028985588,0.0,0.0,-0.0014925373134327957,0.0004378283712784814,0.0006854009595613775,0.0,0.001874163319946387,0.0,0.0026954177897573484,-0.0005401026194977732,0.0,0.0015319800842588105,-0.0004884004884005977,-0.00022711787417695195,-0.0006309148264983522,0.0,-0.0003808073115004751,0.0002039151712887044,0.0010229132569559152,0.001996007984031989,0.0,-0.0004389815627744431,0.0,0.0007082152974504652,-3.3306690738754696e-16,0.0,-0.0008830022075054789,0.0,-0.0006681514476618577,0.00021677866897884535,0.001346619983840558
-0.0005482456140347702,0.0006978367062107083,-0.0003327787021630835,-0.0012735608762097783,0.0,0.0004842615012106144,-0.00127388535031836,-0.0007398273736128891,0.0,0.0014952153110046051,0.0022222222222223476,0.0,-3.3306690738754696e-16,0.0,-0.0002564102564102111,-0.00022686025408347188,0.0005291005291006012,0.00042247570764675224,0.0022675736961454973,-0.0002253267237488643,-0.0007415647015202032,0.00033875338753408535,0.0023139220979562225,-0.0005354752342704439,0.0,0.0,0.0003990422984836428,0.0,-0.0012368583797155441,-0.0006153846153844622,0.0008908685968820329,0.0004943153732079875,0.0,-0.0005549389567146568,0.0008849557522123686,-0.0009229349330873715,-0.0008403361344537785,-0.0002146844139115922,-0.001079913606911398,0.0006138735420504471,0.0,-0.001673173452314547,0.0053475935828875,-0.0008960573476702871,0.001618996222342295,0.00026028110359188616,0.0007142857142858894,0.0,0.00043271311120696154,-0.0020356234096695625,0.0,0.00031595576619269927,0.0006416426050690482,0.0024038461538460343,0.0013297872340425343,-0.0003696857670980602,-0.0006146281499692652,0.004076878276062956,0.001263157894736855,-0.0009784735812132794,0.0004990019960080527,-0.0004182350480970154,0.0,-0.00023854961832070476,-0.0029268292682926855,0.0004933399111988201,0.0,-0.0024324981756264075,-3.3306690738754696e-16,0.00025839793281656753,0.0,0.0,0.0007993605115907965,0.0,0.001689902830587231,0.0018340210912426436,0.0005274261603371855,0.0,0.0,0.0,-0.00039777247414485295,0.0005979073243649324,-0.0023166023166022454,-2.220446049250313e-16,0.001875669882100972,0.0004248088360234714,0.0024485798237023904,-0.00034423407917372195,0.0009119927040583953,-0.0005281225244263554,2.220446049250313e-16,0.0006938020351525687,0.0,0.0002596728122565839,0.0047826086956521685,0.0,-0.0002176752285589778,0.0,0.0,0.0,0.0008203445447088065,0.0019172829361817634,0.0013018008244738422,0.0,0.0,-0.002777777777777768,-0.0009940357852883386,-0.001103346818683404,-0.001117568171658423,0.001054852320674815,0.001175088131609936,-0.00020964360587005793,0.0,0.0,0.0005699629524078542,0.0011897679952408424,-0.0006184291898577721,0.0009074410163338875,0.0,-0.0014832393948381872,-0.001494768310911887,0.00043763676148778075,0.00068493150684934,0.0037523452157597337,0.0029396044895777518,-0.0003129890453833495,-0.0017921146953403522,0.0010807889759523182,0.0,0.000764818355640573,-0.0002443195699974865,0.00045433893684698745,0.0004208754208752108,0.0,0.0007619047619047414,-0.00020387359836904206,0.0004087471898630568,-0.0007470119521914009,0.0006535947712418277,-0.0008783487044355942,-0.00028169014084511446,0.0014154281670204494,-0.0006523157208085939,0.002307692307692122,-0.00022094564737074052,-0.0014457831325301873,-0.0006685981724982026,0.0010836584308624442,0.00026896180742363995
0.0002742731760831951,-0.0010460251046024993,0.0003328894806924332,-0.0007651109410864443,0.0,-0.0007260406582765278,0.0004251700680271142,-0.0012339585389927743,0.0013562386980108254,0.00029859659599873467,-0.006651884700665134,0.002508885636629765,0.0017376194613381024,-0.0023952095808384977,0.0,-1.1102230246251565e-16,-0.005288207297726166,2.220446049250313e-16,-0.0033936651583711397,-0.0022537750732481987,-0.00037105751391475206,0.0010159160176090865,0.001154290111581524,-0.0005357621216178776,-0.0031872509960160222,0.0017421602787457413,-0.0015955325089748174,-0.0008718395815170421,-0.002476780185758476,0.0006157635467978206,-0.0015576323987539498,-0.00024703557312244495,-0.0007418397626115514,0.0005552470849528035,0.0017683465959328348,-0.0004618937644340626,0.000841042893187538,-0.0006441915396178111,-0.001621621621621716,0.0012269938650306678,-0.0027788805081382373,-0.0011173184357542443,-0.005319148936169915,0.0026905829596413078,0.0024245689655173486,-0.0007806401249024209,0.0,-0.0008624407072013174,-0.0017301038062285112,-0.001784803671596169,0.0,-0.0015792798483890147,-0.002885540237255513,-0.0007993605115906854,-0.0006640106241699861,0.0,-0.0006150061500614923,-0.0023201856148492572,0.000420521446593769,0.0009794319294809117,-0.0009975062344139696,0.0004184100418409553,-0.0005780346820810633,0.00047721307563808324,0.001956947162426559,0.0,-0.0007633587786259888,-0.001463057790782596,0.0006086427267193439,0.0,-0.0003418803418804295,-0.0006872852233675841,0.0,0.0010944910616565995,0.0,-0.0009153318077804729,-0.0010542962572481773,0.0006293266205159576,0.0,0.0009718172983481654,0.0,-0.0008963250672245904,0.0007739938080495445,-0.0013956734124213055,0.0013372559507889292,0.000849256900212314,0.0007327796775769002,0.0,-0.0004555808656035998,-0.0013210039630116022,0.0015723270440251014,0.0011555350127112618,-0.0005108556832693623,-0.0005192107995847239,-0.0008654262224144782,-0.00034482758620690834,-0.00043544524276084573,-0.0007187350263537784,0.0007168458781363629,-0.0018333672845793902,-0.0008196721311475308,0.002186987424822595,0.0004333694474538685,-0.001956947162426559,0.0,0.0,-0.001326699834162448,0.0007363770250368162,-0.0004475274110536942,-0.0017562346329467182,0.0,0.00020968756552752765,0.0,0.0,0.0002848191398461264,-0.0017825311942959443,-0.00041254125412515386,0.0009066183136900996,-0.0007680491551459445,-0.0017825311942959443,0.0014970059880241582,0.001312335958005395,0.002053388090349051,0.0,0.0018651745270450437,0.00031308703819665773,-0.0035906642728905647,-0.000269905533063608,-0.0014571948998179929,-0.0011463507833398001,-0.0009775171065491417,0.0009082652134424496,-0.00021034917963802524,0.0,-0.0003806623524932329,-0.0012234910277324484,0.0008171603677220585,-0.0009967605282830139,0.0,-0.00219780219780219,-0.0014088475626934382,0.0007067137809186885,-0.0006527415143602333,-0.0007674597083652257,-0.00022099447513812542,-0.0009652509652509078,-0.001784121320250076,-0.0002164970772894348,-0.00215111589136896
-0.0005483959418699502,-0.0017452006980801515,-0.0013311148086522229,-0.0010209290454312736,-0.0016414970453053623,-0.0029062727052556747,0.0004249893752654721,-0.0009883864591057057,-0.0009029345372459918,0.0002985074626864481,-0.012834821428571619,0.00041710114702842027,0.0,-0.0030012004801915904,-0.00025647601949230214,-0.00045382346267297535,0.0,-0.0016891891891892552,0.0,-0.0009035464196971432,-0.001113585746102319,0.0010148849797024795,-0.0003843197540351895,-0.0008040739748057524,0.0015987210231813709,-0.0017391304347826875,-0.001198561725928915,-0.0008726003490401313,-0.003724394785847185,0.0,-0.0033429908624919014,-0.003459352606869248,-0.0004949269982676974,-0.0011098779134295356,-0.0026478375992938785,0.0,-0.0008403361344537785,0.0,0.0010828370330264736,-0.0006127450980391025,-0.001990445859872625,0.0,-0.0008912655971481387,-0.00536672629695889,0.0,-0.0010416666666666075,0.0007137758743753775,-0.0006473888649115578,-0.0012998266897745747,-0.005874840357598887,-0.0035087719298245723,-0.0012654223347038362,-0.0038585209003215715,-0.0040000000000000036,0.0,-0.0014792899408283544,0.0,0.0,-0.0012610340479193294,-0.001956947162426781,0.0,-0.0025094102885822034,-0.0023134759976864983,-0.0004769854519436345,0.0009765625,-0.0002465483234714849,-0.0015278838808250317,0.0004884004884004867,4.440892098500626e-16,0.0010333247222940045,-0.001367989056087482,-0.0017193947730400616,-0.00039936102236415305,0.00036443148688047877,-0.00042176296921103695,-0.0013742556115435844,0.0007915567282321678,-0.0018867924528302993,-0.0011834319526626835,0.002912621359223211,-0.0007958615200954755,-0.0011961722488039728,0.0007733952049497894,-0.0013976240391335715,-0.0008012820512820484,0.0,-0.0031730534537465216,-0.0013774104683197397,0.0,-0.002645502645502895,-0.0007849293563579884,-0.0041551246537397946,0.00025555839509316947,0.0012987012987011326,-0.005630142919012537,0.00034494653328742686,0.0,-0.00047950131862850576,0.0,-0.0022448979591837004,-0.003281378178835004,0.0010911074740860283,-0.0010829542993285868,0.0006535947712418277,0.0,-0.0005571030640668662,-0.00033211557622059296,-0.0007358351729211954,-0.000447727781508811,-0.00457424349049973,-0.0007042253521126751,0.0008385744234802317,0.0,0.0006644518272425071,-0.002277904328018332,-0.0017857142857141683,0.0,-0.0018115942028985588,0.0,0.0017857142857142794,-0.0005979073243648214,-0.002184359982524975,-0.0017076502732240595,-0.0018691588785045843,-0.0015957446808511078,-0.0015649452269170805,0.0009009009009008917,-0.0002699784017275997,-0.0007296607077710293,0.0,-5.551115123125783e-16,0.0006805807622505267,-0.0027351146644225555,0.0,-0.00533130236100543,-0.007145773785218412,-0.0010206164523371974,0.00024943876278360477,0.003265839320705455,-0.0008810572687224516,-0.0011286681715577673,-0.0007062146892655718,-0.003265839320705455,-0.0007680491551458335,-0.0019893899204245225,-0.0028985507246376274,-0.0006702412868631047,-0.0017323516673883876,-0.001347345728913929
0.0,-0.0010489510489509746,-0.0029990003332222015,-0.0017884517118037513,0.0003288391976323801,-0.0024289531212048354,-0.0008496176720473869,-0.004699480583725046,0.0004518752824220762,-0.00029841838257227415,0.0005652911249292014,-0.0008338544923912616,-0.0008673026886383273,-0.0024081878386518207,-0.0002565418163159583,0.0,-0.0005316321105793831,0.0006345177664974777,0.0,-0.0031652724395205833,-0.0014864362690450994,-0.0010138560324433055,-0.0034602076124569114,-0.0013412017167383494,-0.0031923383878690315,0.0,0.0007999999999999119,0.0,0.0,-0.003076923076923088,-0.0008944543828263152,-0.0027274981403421217,-0.0007427581084424872,0.0005555555555556424,-0.0008849557522124796,0.00046210720887240875,0.000841042893187538,-0.0006446067898582264,-0.0005408328826391751,-0.0006131207847946962,-0.0007977662544873532,0.0,0.0,-0.0008992805755395628,-0.0005374899220640383,-0.0015641293013556323,-0.0007132667617689714,-0.0006478082487584302,-0.0013015184381777178,-0.0020554984583761593,-0.0014084507042256833,0.0,-0.002582311168495832,0.0,0.0013289036544850141,-0.0033333333333332993,0.0012307692307691465,0.0,0.0,0.0009803921568629637,0.0,0.0008385744234802317,0.0005797101449276365,0.0,-0.0029268292682926855,-0.0009864364981504448,0.002295332823259333,0.0024408103490358712,-0.0018248175182483672,-0.0010322580645161228,0.00136986301369868,-0.0010334137099552443,-0.00039952057530978635,-0.004007285974499175,0.0,0.0004587155963302614,-0.0002636435539148385,-0.001260239445494582,-0.0002962085308055862,-0.0019361084220715918,-0.0015929908403026216,0.0005988023952097077,-0.0015455950540957941,-0.002099370188943128,0.0010692328254480188,0.0008485362749259817,-0.0019588638589619345,0.0,-0.00045578851412952925,0.0023872679045096046,0.0015710919088767206,-0.0011590171534537896,-0.000255493101686155,-0.0005188067444875655,0.0013066202090590284,-0.0006896551724138167,-0.0002178174689609902,0.0023986567522187308,0.0007163323782235498,-0.0016363264471261907,-0.004115226337448652,-0.0021798365122616126,-0.0010841283607978536,0.0,-0.001366120218579292,0.0016722408026759172,-0.0013289036544850141,-0.00036818851251851914,0.0004479283314668958,-0.0010604453870625141,-0.0007047216349542751,-0.0008378718056137879,0.0,0.0006640106241699861,-0.004851598173515881,-0.0005963029218843952,-0.0010317787866284123,-0.003629764065335772,0.002305918524212469,-2.220446049250313e-16,0.0,0.0008756567425567408,-0.0020526855969895674,-0.002808988764044895,-0.0002663825253063079,0.0006269592476491059,0.0009000900090010422,0.0,0.001825483753194579,-0.0011476664116294444,0.0024461839530338647,-0.00022670596236673557,-0.0008438818565400519,0.0,0.0015313935681466884,-0.005552128315854388,-0.000817327339599494,-0.0017456359102244745,-0.0006510416666666297,-0.00044091710758387137,0.00028248587570622874,-0.0007067137809186885,0.000655307994757548,-0.000768639508070712,0.0013289036544852362,-0.0019379844961240345,-0.0004471272076903565,-0.0015184381778742262,-0.00026983270372382684
-0.004663923182441798,-0.0014000700035002867,-0.0020053475935829512,-0.0025595085743537194,-0.004273504273504369,-0.0026783540297053987,-0.0025510204081633514,-0.0062127236580517,-0.0018066847335139746,-0.0017910447761194659,-0.00395480225988698,-0.0008345503859796821,-0.0008680555555553582,-0.0012070006035002079,-0.0005132152938156498,-0.0009080590238361719,0.0,0.0004227436060029177,0.0005675368898980793,-0.0013608528010887744,-0.0003721622627463894,-0.0030446549391068833,-0.003472222222222099,-0.0008058017727637923,-0.0032025620496397567,-0.00261324041811839,-0.001998401278976769,-0.0008733624454148048,0.0,-0.0030864197530864335,-0.003133393017010211,-0.0024863252113376255,-0.0017343904856295111,-0.001110494169905385,-0.0008857395925597755,-0.0018475750577366945,-0.0008403361344537785,-0.0015050526768436434,-0.0010822510822510178,-0.0012269938650306678,-0.0011976047904191933,-0.004474272930648726,-0.000892060660124816,0.0009000900090008201,-0.0037644528098951247,-0.0013054830287205776,-0.002855103497501621,-0.002592912705272399,-0.0006516072980019549,-0.000514933058702427,-0.002115655853314191,-0.0012670256572697713,-0.003236245954692407,-0.0008032128514056103,-0.0013271400132712774,-0.003716090672612471,-0.0012292562999384193,-0.0029069767441860517,-0.002104377104377053,0.0009794319294809117,-0.0004992511233150587,-0.0020946795140346364,0.0,-0.0014316392269145828,0.0,0.0007405578869414953,-0.0007633587786259888,-0.0019478938397856638,-0.004265691651431758,-0.0012916559028675056,0.00034199726402195374,0.0013793103448278554,-0.0007993605115905744,-0.000365764447695871,0.0,0.0004585052728107719,-0.0010548523206753702,0.0018927444794953896,-0.002666666666666817,-0.0009699321047526022,-0.001994415636218716,-0.0011968880909635216,-0.001547987616099089,0.0014025245441793288,-0.0021361815754340485,-0.004239084357779088,-0.0007360157016683688,0.0013793103448278554,-0.004559963520291865,-0.00211696215930135,0.0,-0.0025527964724992858,-0.0023000255558396354,0.0005190760446405207,-0.00043497172683770735,-0.002760524499655026,-0.0006535947712418277,-0.002632208662359581,-0.0014316392269149159,-0.0014341323499282854,0.0016528925619834212,-0.0010922992900055384,0.00021706099413920654,0.0,0.0,-0.0016694490818032204,-0.001663339986693324,0.00036832412523035707,-0.00022386389075468305,-0.002123142250530896,-0.000705218617771286,0.0,0.0,0.0,-0.001433897332951073,0.0,-0.0014459822350753049,-0.0036429872495445936,-0.0023006134969328906,0.0,-0.0014956625785224054,0.001312335958005395,-0.00034281796366120165,0.0009389671361501595,0.0005329070077271236,-0.0006265664160401974,0.0008992805755394517,0.0005401026194975511,-0.004008746355684933,-0.0015319800842591436,0.0007320644216688432,-0.0002267573696144165,-0.0002111486486484626,0.0,-0.0030581039755347428,-0.005376344086021501,-0.0010224948875255935,-0.00024981264051959773,-0.0016286644951140072,0.0035288928098808903,-0.003671279299632957,-0.0028288543140029265,-0.0019646365422395506,0.0015384615384614886,0.0008847600088475183,-0.0033980582524271163,-0.00022366360993075762,-0.0013034977188790542,0.0
0.0005512679162071876,-0.001051524710830698,-0.0010046885465505584,0.0010264305876315216,0.0009904258831296975,0.0009765625,0.0,0.002750687671918106,0.0,0.0002990430622011875,0.00311968235961424,0.0012528711630821476,0.0008688097306688292,-0.0006042296072507058,0.00025673940949921814,0.0006816632583499516,0.0010638297872340718,0.00042256496936410315,0.0011344299489506326,0.004542357483534154,0.0011169024571853203,0.0,0.0011614401858304202,0.006182795698924437,0.0016064257028114426,0.0017467248908298316,0.00040048057669217485,-2.220446049250313e-16,-0.0018691588785046953,0.002476780185758365,0.0017961383026496858,0.0017447657028912822,0.000496401092082488,-0.0011117287381882113,0.0008865248226950229,0.0009254974548822403,0.0,0.00043066322136087187,0.0,0.0012285012285011554,0.005595523581135131,0.0008426966292134352,0.0,0.003597122302158251,0.0010796221322535438,0.0007843137254899268,0.0014316392269149159,-0.00043327556325800654,0.00021734405564011183,0.0010303967027305294,0.002826855123674976,-0.0003171582619728719,0.007467532467532401,0.000803858520900258,0.0,0.0022379709063782283,0.0036923076923081055,-0.0011661807580174433,-0.002108814846056517,0.0009784735812132794,0.0,0.0016792611251050804,0.00028968713789101486,0.0,0.001956947162426559,0.0007400098667982302,0.0,0.00024396194193698761,0.0,0.0010346611484737256,-0.0003418803418804295,0.0006887052341593147,0.0007999999999999119,-0.0003658982802778876,-0.0004219409282703035,0.0004582951420712966,-0.003959873284054893,-0.0012594458438287548,-0.0002970885323826389,-0.000970873786407922,0.001598721023181815,-0.0002995805871780499,0.0007751937984497026,0.0007002801120448154,0.0024083489430024585,0.002128565346956268,0.0002455192732631062,0.0027548209366390353,-0.0016032982134674967,0.00026518164942990197,-0.0023529411764705577,-0.0006979990693347649,0.0010245901639343025,0.0,-0.0008703220191470518,0.000692041522491138,0.0006540222367561466,0.0016794625719771528,-0.0014336917562723928,-0.00020517029134192732,-0.0008250825082508628,-0.0013668671405139277,0.0008680555555555802,0.0006531678641410466,0.0006839945280439075,0.0016722408026759172,-0.00033322225924703464,-0.0011045655375550023,-0.0015673981191219877,-0.0010638297872339608,0.0004704775346977552,-0.00041928721174000483,0.0,-0.001990710019907138,0.0031591039632394846,0.0005966587112171684,0.00041373603640870726,0.000914076782449591,-0.000768639508070712,-0.0005941770647651667,0.0014979029358899165,0.002621231979030192,0.000685871056241627,-0.0009380863039399889,0.00026631158455403536,-0.00031347962382444194,0.0017969451931716396,0.0,0.0014635931211122166,0.00038358266206350855,0.0039014874420872925,0.00022680880018133287,0.0031678986272436482,0.0,0.0,0.0016632016632018853,-0.0012282497441147289,0.002998500749625377,-0.0013050570962479524,-0.0004395604395603936,-0.001984126984126977,0.0028368794326241176,-0.001312335958005395,-0.003072196620583556,-0.00044198895027636187,0.0,0.005369127516778427,-0.0013051990428540883,-0.0005398110661267719
-0.0013774104683195176,-0.0052631578947367474,0.00569896077774068,0.0035888233786209867,-0.0006596306068600288,0.004878048780487809,-0.002557544757033292,0.0024937655860348684,-0.004524886877828149,0.007473841554558991,-0.007633587786259555,0.0010427528675702735,-0.0017361111111110494,-0.00241837968561065,0.0010266940451744144,-0.0009082652134421165,-0.0010626992561104665,0.0,-0.0028328611898017497,0.006104453990503966,-0.0014875418371140814,-0.004071937563624228,0.0034802784222736083,0.0018701576275717002,0.002405773857257376,-0.006102877070619184,-0.0012009607686149781,-0.0034965034965033226,-0.004369538077403257,0.009882643607165065,0.006275212909009342,-0.002239363025628216,-0.0052096254031259726,-0.006677796327211882,-0.003542958370239102,-0.0013869625520113171,0.00925147182506314,-0.00129143349117522,-0.005958829902491858,0.0,0.003577106518283024,-0.0008419870895313153,-0.004464285714285698,0.0035842293906809264,-0.003774602318683873,0.0018286311389763554,-0.002859185132237485,0.005635023840485198,-0.0004345936549327023,0.00746268656716409,-0.0028188865398167673,0.013642131979695327,-0.012246213341927215,0.008032128514056325,-0.0033222591362126463,-0.006326758466691507,0.008583690987124193,0.004086398131932123,0.0016906170752324368,-0.0029325513196482023,-0.0022477522477521994,-0.0025146689019278634,-0.003764842166232296,0.0011947431302266054,-0.00390625,0.0007394626571359808,-0.006875477463712754,-0.009756097560975396,0.003671970624234966,0.0012919896640826156,0.0020519835841315004,0.0030970406056434197,0.003197442046363186,0.004758418740849368,-0.0059096665259603665,-0.0013742556115435844,0.004505698383249435,0.0025220680958386588,0.0,0.005830903790087438,-0.00438946528331996,0.0038957147138147796,-0.0007745933384972759,-0.002799160251924393,0.00907634810464475,0.0004248088360239155,0.006381934216985741,0.0027472527472527375,0.0025235145675612802,0.014050901378579006,-0.0015723270440252124,0.00814901047729899,0.004350051177072656,-0.0012970168612190802,0.0017421602787455193,0.00795297372060877,-0.0032679738562091387,0.017964071856287456,-0.005743000717875146,0.011697106505232924,-0.009083402146985886,-0.0008212428141253225,-0.0015177797051170172,-0.0013054830287205776,0.004784688995215225,0.0016694490818027763,0.010000000000000009,-0.004791743457427389,-0.01211033864095079,-0.002484913028043989,-0.0030566658829062066,-0.001677852348993314,0.0,0.003989361702127603,-0.0037217291726309165,-0.004174120453190211,0.018403639371381342,-0.0091324200913242,0.0,0.007728894173602896,0.0005982650314089177,0.015250544662309462,0.002398903358464821,0.004694835680751019,0.005058572949946605,-0.002822201317027262,0.0,0.0,0.001096090610156919,-0.0011503067484661678,0.005586592178770777,0.0011337868480725266,0.0052631578947368585,0.0,0.012269938650306678,-0.0016604400166045918,0.006353761016601789,0.0064773293472844,0.004573668735707415,-0.00395778364116095,0.022436807725078056,-0.0028288543140029265,-0.007884362680683266,-0.0023112480739599928,-0.002874198540791406,-0.003896736483195329,0.001335113484646211,-0.005663254192986411,0.003240615716986195
